1000 1000 10089
0 192
0 256
0 288
0 436
0 447
0 808
0 826
0 870
0 878
0 903
1 22
1 148
1 172
1 203
1 242
1 415
1 792
1 885
1 919
2 162
2 222
2 261
2 317
2 353
2 570
2 611
2 627
2 668
2 853
3 126
3 351
3 445
3 574
3 591
3 686
3 692
3 700
3 769
3 906
3 985
4 7
4 562
4 706
4 739
4 864
4 884
4 892
5 263
5 368
5 477
5 490
5 491
5 833
6 65
6 198
6 218
6 263
6 342
6 632
6 667
6 684
6 834
6 990
7 26
7 115
7 122
7 128
7 162
7 297
7 326
7 452
7 484
7 752
7 758
7 952
7 990
8 76
8 138
8 348
8 503
8 577
8 671
8 710
8 739
8 878
8 920
9 33
9 139
9 729
10 137
10 254
10 344
10 368
10 374
10 388
10 415
10 542
10 590
10 707
10 747
10 980
11 471
11 504
11 617
11 662
11 715
11 739
11 859
11 884
12 126
12 136
12 172
12 204
12 276
12 294
12 383
12 516
12 567
12 688
12 845
12 854
12 884
12 972
13 2
13 42
13 49
13 55
13 89
13 476
13 599
13 630
13 738
13 867
14 45
14 55
14 131
14 262
14 806
14 963
15 12
15 43
15 75
15 103
15 168
15 311
15 323
15 701
15 710
15 739
15 772
15 919
15 958
15 993
16 12
16 37
16 110
16 111
16 156
16 331
16 465
16 620
16 622
16 721
16 789
16 841
16 889
17 259
17 412
17 855
17 978
17 990
18 2
18 104
18 157
18 168
18 175
18 197
18 237
18 244
18 363
18 370
18 376
18 521
18 579
18 753
18 838
19 22
19 36
19 55
19 58
19 133
19 371
19 398
19 598
19 625
19 645
19 676
19 681
19 704
19 731
19 891
19 958
20 18
20 70
20 218
20 280
20 410
20 775
20 866
20 891
21 16
21 89
21 133
21 290
21 422
21 483
21 494
21 495
21 547
21 662
21 896
21 989
22 58
22 95
22 121
22 155
22 173
22 266
22 308
22 323
22 526
22 577
22 721
23 191
23 283
23 542
23 567
23 573
23 581
23 595
23 672
23 683
23 894
23 975
23 982
24 113
24 236
24 666
24 740
24 775
24 932
24 951
24 976
25 228
25 266
25 497
25 527
25 565
25 682
25 707
25 930
26 102
26 195
26 321
26 328
26 355
26 365
26 490
26 491
26 501
26 545
26 621
26 709
26 790
26 905
26 968
27 40
27 163
27 436
27 448
27 524
27 536
27 651
27 742
27 769
27 822
27 869
27 933
27 954
27 968
27 975
28 44
28 72
28 181
28 192
28 261
28 268
28 551
28 820
28 854
28 858
28 888
28 976
29 35
29 194
29 256
29 407
29 420
29 462
29 490
29 540
29 542
29 744
29 791
29 893
29 948
30 39
30 92
30 104
30 283
30 348
30 349
30 582
30 709
30 740
30 745
30 845
30 912
30 925
31 33
31 127
31 189
31 209
31 266
31 341
31 499
31 765
31 809
32 7
32 56
32 61
32 333
32 353
32 413
32 731
32 756
32 763
32 769
32 927
33 155
33 208
33 230
33 407
33 569
33 660
33 804
33 880
33 892
33 908
34 149
34 254
34 289
34 386
34 549
34 661
34 681
34 719
34 812
34 851
34 946
35 20
35 259
35 285
35 297
35 557
35 609
35 736
35 845
35 933
36 152
36 173
36 189
36 199
36 268
36 270
36 494
36 495
36 614
36 624
36 808
36 893
37 7
37 303
37 343
37 608
37 657
37 923
38 65
38 76
38 84
38 88
38 122
38 200
38 209
38 362
38 429
38 467
38 470
38 494
38 498
38 572
38 603
38 635
38 697
38 829
38 914
39 203
39 268
39 438
39 549
39 762
39 771
39 917
39 918
39 948
40 333
40 344
40 672
40 758
40 881
40 885
41 182
41 443
41 521
41 699
41 821
41 903
41 950
42 107
42 128
42 224
42 353
42 478
42 556
42 559
42 603
42 868
42 929
42 945
43 182
43 230
43 314
43 415
43 499
43 633
43 672
43 687
43 791
43 837
43 926
44 183
44 221
44 232
44 370
44 469
44 521
44 648
44 649
44 940
45 116
45 195
45 574
45 625
45 635
45 640
45 641
45 762
45 806
45 928
46 13
46 50
46 81
46 245
46 253
46 255
46 293
46 371
46 679
46 719
46 905
46 930
47 283
47 388
47 409
47 432
47 452
47 454
47 489
47 587
47 642
47 648
47 775
47 835
47 931
47 932
48 94
48 591
49 82
49 188
49 492
49 517
49 689
49 742
49 781
49 791
50 114
50 283
50 488
50 546
50 555
50 640
50 655
50 716
50 810
50 818
50 850
50 908
51 2
51 78
51 95
51 464
51 537
51 960
51 992
52 161
52 228
52 356
52 382
52 441
52 470
52 497
52 526
52 546
52 644
52 675
52 716
52 939
53 104
53 114
53 332
53 349
53 369
53 375
53 417
53 617
53 824
53 825
53 943
53 994
54 17
54 405
54 571
54 943
54 987
55 9
55 184
55 209
55 272
55 475
55 594
55 781
55 809
55 815
55 891
55 967
56 17
56 79
56 98
56 425
56 447
56 495
56 527
56 614
56 623
56 715
56 807
56 930
57 58
57 119
57 224
57 267
57 490
57 493
57 937
57 982
58 78
58 115
58 170
58 365
58 399
58 468
58 470
58 523
58 670
58 687
58 785
58 795
58 874
58 879
59 30
59 85
59 109
59 222
59 228
59 348
59 571
59 858
59 866
59 959
60 262
60 473
60 913
61 42
61 229
61 259
61 260
61 294
61 326
61 347
61 450
61 464
61 546
61 684
61 771
61 827
61 858
62 150
62 171
62 282
62 322
62 450
62 472
62 540
62 607
62 643
62 743
62 903
62 975
63 150
63 226
63 237
63 382
63 386
63 463
63 483
63 579
63 672
63 764
63 836
63 924
63 959
64 354
64 389
64 416
64 459
64 479
64 547
64 918
64 978
65 72
65 161
65 250
65 257
65 270
65 318
65 419
65 431
65 585
65 664
65 667
65 678
65 686
65 808
65 900
65 957
65 977
66 31
66 51
66 129
66 351
66 357
66 573
66 658
66 803
66 971
67 11
67 27
67 273
67 292
67 328
67 346
67 503
67 638
67 787
68 111
68 365
68 499
68 528
68 633
68 654
68 969
68 986
68 992
69 268
69 326
69 419
69 594
69 613
69 655
69 677
69 840
69 977
70 113
70 182
70 341
70 357
70 512
70 577
70 596
70 682
70 801
70 872
70 885
71 9
71 18
71 319
71 401
71 559
71 672
71 729
71 877
71 920
72 59
72 173
72 242
72 244
72 330
72 445
72 578
72 755
72 820
72 834
72 871
72 921
73 27
73 66
73 73
73 182
73 209
73 234
73 624
73 682
73 685
73 927
74 43
74 477
74 536
74 865
74 994
75 54
75 253
75 264
75 316
75 345
75 582
75 783
75 814
76 49
76 84
76 90
76 261
76 275
76 281
76 464
76 474
76 475
76 581
76 846
76 915
77 36
77 129
77 259
77 321
77 379
77 419
77 485
77 509
77 711
77 758
77 972
78 163
78 269
78 357
78 451
78 520
78 526
78 564
78 625
78 640
78 863
79 24
79 59
79 337
79 437
79 479
79 485
79 548
79 581
79 683
79 812
79 869
79 936
80 8
80 237
80 277
80 286
80 350
80 363
80 441
80 553
80 589
80 783
80 918
80 949
81 33
81 147
81 199
81 301
81 340
81 500
81 647
81 827
81 959
82 4
82 173
82 246
82 430
82 771
82 827
82 898
82 914
82 998
83 17
83 86
83 198
83 289
83 489
83 838
83 899
83 957
84 65
84 90
84 320
84 358
84 444
84 472
84 473
84 506
84 753
84 764
84 788
84 953
84 973
85 122
85 192
85 201
85 260
85 324
85 482
85 729
85 734
85 766
85 877
85 963
86 147
86 216
86 339
86 363
86 498
86 516
86 726
86 736
87 2
87 40
87 193
87 344
87 359
87 493
87 501
87 536
87 580
87 844
87 861
87 883
88 146
88 195
88 331
88 405
88 469
88 524
88 699
88 702
88 729
88 739
88 752
89 17
89 59
89 87
89 363
89 470
89 536
89 546
89 646
89 831
89 870
90 131
90 446
90 491
90 675
90 713
90 815
90 919
90 977
91 95
91 154
91 220
91 359
91 728
91 787
91 981
92 96
92 149
92 278
92 345
92 465
92 625
92 655
92 712
92 718
92 743
92 849
92 940
92 984
93 53
93 55
93 137
93 563
93 619
93 897
94 194
94 221
94 273
94 340
94 528
94 685
94 836
94 844
94 931
95 70
95 248
95 262
95 446
95 564
95 607
95 708
95 720
95 770
96 171
96 440
96 476
96 545
96 622
96 714
97 113
97 212
97 325
97 402
97 659
97 802
97 920
98 21
98 38
98 85
98 170
98 390
98 653
98 676
98 690
98 722
98 873
98 877
98 971
99 22
99 343
99 407
99 554
99 618
99 971
100 63
100 129
100 285
100 346
100 584
100 590
100 599
100 917
101 208
101 392
101 587
101 929
102 139
102 350
102 437
102 490
102 522
102 538
102 585
102 586
102 652
102 728
102 887
103 95
103 110
103 466
103 472
103 568
103 598
103 631
103 696
103 932
104 28
104 29
104 38
104 83
104 146
104 852
105 135
105 213
105 338
105 615
105 651
105 814
105 956
106 12
106 72
106 194
106 338
106 430
106 512
106 516
106 595
106 624
106 667
106 731
106 745
106 871
106 925
106 944
107 487
107 537
107 762
107 833
107 908
108 193
108 420
108 581
108 597
108 726
108 856
108 884
108 979
109 194
109 219
109 263
109 480
109 503
109 666
109 801
109 897
109 905
110 79
110 99
110 133
110 141
110 256
110 285
110 399
110 468
110 482
110 507
110 621
111 90
111 272
111 353
111 380
111 610
111 672
112 69
112 177
112 271
112 337
112 378
112 428
112 472
112 477
112 671
112 677
112 720
112 749
112 846
112 950
112 952
113 163
113 224
113 245
113 312
113 344
113 465
113 699
113 759
113 807
113 871
113 874
114 154
114 195
114 227
114 288
114 314
114 399
114 633
114 991
115 136
115 154
115 196
115 494
115 497
115 591
115 644
115 797
115 853
115 877
115 942
116 193
116 213
116 233
116 240
116 435
116 531
116 558
116 633
116 682
116 734
116 793
116 819
116 907
116 912
117 74
117 212
117 576
117 701
117 718
117 786
117 904
117 934
118 131
118 145
118 262
118 429
118 528
118 669
118 773
118 776
119 136
119 149
119 220
119 245
119 385
119 651
119 714
119 842
119 850
119 902
119 954
119 983
120 148
120 203
120 213
120 500
120 540
120 679
120 711
120 754
120 812
120 837
120 876
120 981
121 133
121 181
121 241
121 266
121 327
121 729
121 738
121 836
121 869
121 933
122 28
122 30
122 117
122 410
122 428
122 558
122 559
122 682
122 711
122 728
122 965
123 0
123 105
123 162
123 189
123 205
123 301
123 306
123 365
123 410
123 440
123 443
123 712
123 726
123 816
123 912
124 89
124 215
124 233
124 281
124 602
124 774
124 782
124 819
124 841
124 859
124 939
125 2
125 4
125 63
125 79
125 94
125 104
125 247
125 425
125 460
125 748
125 798
126 7
126 49
126 263
126 264
126 341
126 517
126 525
126 615
126 640
126 655
126 740
127 377
127 387
127 492
127 521
127 544
127 550
127 565
127 590
127 629
127 665
127 902
127 918
127 944
127 951
127 962
127 965
128 183
128 315
128 370
128 531
128 639
128 658
128 708
128 744
128 783
128 862
128 917
128 924
128 999
129 119
129 157
129 365
129 427
129 523
129 635
129 636
129 786
129 857
129 916
129 988
130 90
130 193
130 659
130 728
130 837
130 903
131 32
131 35
131 56
131 67
131 284
131 688
131 766
131 898
131 961
132 204
132 231
132 364
132 388
132 476
132 660
132 771
132 837
132 840
132 981
133 8
133 46
133 222
133 227
133 229
133 289
133 532
133 534
133 577
133 591
133 653
133 787
133 903
133 947
134 16
134 99
134 122
134 149
134 521
134 566
134 576
134 663
134 711
135 0
135 23
135 112
135 285
135 389
135 444
135 540
135 648
135 693
135 723
135 725
135 782
136 112
136 126
136 264
136 535
136 568
136 783
136 914
137 54
137 217
137 225
137 267
137 350
137 423
137 491
137 551
137 554
137 624
137 735
137 749
137 784
137 867
138 51
138 90
138 110
138 284
138 306
138 313
138 386
138 506
138 747
138 761
138 781
138 799
139 109
139 113
139 400
139 441
139 460
139 557
139 745
139 809
139 989
140 200
140 548
140 651
140 700
140 888
141 202
141 394
141 430
141 446
141 500
141 503
141 655
141 682
141 702
141 738
142 151
142 187
142 215
142 281
142 316
142 320
142 338
142 387
142 446
142 563
142 571
142 899
143 6
143 17
143 26
143 117
143 370
143 415
143 453
143 467
143 696
143 892
143 918
144 66
144 103
144 125
144 176
144 226
144 272
144 336
144 371
144 398
144 499
144 751
144 829
144 895
144 899
144 901
144 965
145 150
145 241
145 359
145 387
145 591
145 598
145 620
145 660
145 849
145 862
145 920
145 997
146 75
146 188
146 306
146 352
146 390
146 575
146 803
146 854
146 904
147 185
147 203
147 265
147 375
147 402
147 468
147 485
147 550
147 647
147 995
148 27
148 186
148 243
148 530
148 595
148 687
148 697
148 792
148 923
149 321
149 403
149 425
149 555
149 574
149 609
149 633
149 665
149 768
149 777
149 853
149 936
150 28
150 71
150 72
150 136
150 143
150 149
150 205
150 281
150 360
150 384
150 555
150 703
150 968
151 41
151 307
151 387
151 388
151 404
151 508
151 747
151 748
151 870
152 4
152 58
152 158
152 354
152 417
152 506
152 579
152 641
152 643
152 645
152 814
152 879
152 889
152 907
152 997
153 274
153 320
153 345
153 454
153 528
153 747
153 852
154 62
154 90
154 137
154 197
154 298
154 362
154 705
154 706
154 713
154 782
154 794
154 841
155 39
155 143
155 208
155 410
155 416
155 637
155 702
155 777
155 894
155 900
155 989
156 17
156 74
156 78
156 96
156 269
156 291
156 377
156 397
156 517
156 627
156 695
156 756
156 769
156 941
156 965
157 32
157 72
157 547
157 565
157 738
157 745
157 874
157 934
157 948
158 248
158 279
158 309
158 424
158 741
158 784
158 853
159 45
159 73
159 195
159 464
159 789
159 804
159 944
160 0
160 248
160 440
160 647
160 833
160 848
161 216
161 524
161 537
161 781
162 102
162 103
162 301
162 302
162 372
162 580
162 587
162 589
162 600
162 614
162 628
162 741
162 866
162 949
162 953
163 127
163 222
163 296
163 299
163 307
163 311
163 783
163 799
164 77
164 136
164 220
164 346
164 378
164 454
164 515
164 556
164 617
164 647
164 780
164 808
164 959
165 81
165 246
165 458
165 640
165 726
165 741
165 788
165 801
165 843
165 911
166 205
166 213
166 267
166 361
166 770
166 912
166 936
166 963
167 88
167 132
167 145
167 657
167 662
167 813
167 832
167 910
167 992
168 241
168 732
168 826
168 881
169 15
169 42
169 71
169 103
169 345
169 634
169 763
169 806
170 51
170 253
170 283
170 300
170 327
170 673
170 720
170 929
171 6
171 36
171 88
171 122
171 224
171 460
171 583
171 652
171 774
171 851
171 945
172 0
172 108
172 335
172 403
172 433
172 445
172 478
172 593
172 628
172 650
172 677
172 734
172 856
173 22
173 244
173 321
173 409
173 492
173 516
173 572
173 729
173 743
173 813
173 838
174 348
174 390
174 588
174 611
174 672
174 784
174 851
174 883
174 886
174 946
175 17
175 115
175 276
175 291
175 324
175 472
175 523
175 711
175 758
175 795
175 796
175 911
175 984
176 21
176 111
176 150
176 282
176 408
176 531
176 570
176 583
176 603
176 731
177 288
177 409
177 415
177 459
177 813
177 850
177 978
178 148
178 261
178 377
178 456
178 478
178 645
178 648
178 857
178 954
179 34
179 46
179 194
179 302
179 375
179 425
179 428
179 480
179 760
179 791
179 827
179 861
180 149
180 204
180 334
180 341
180 368
180 416
180 550
180 569
180 592
180 613
180 750
181 14
181 314
181 385
181 576
181 749
181 939
182 132
182 171
182 198
182 218
182 778
182 835
182 889
183 37
183 69
183 91
183 460
183 463
183 489
183 579
183 668
183 695
183 777
183 834
183 848
184 823
185 25
185 291
185 613
185 627
185 673
185 703
185 873
186 177
186 195
186 224
186 445
186 529
186 579
186 751
186 769
186 831
186 883
186 983
187 106
187 153
187 232
187 299
187 333
187 627
188 73
188 201
188 511
188 594
188 702
188 975
188 984
189 38
189 69
189 216
189 222
189 223
189 283
189 320
189 968
190 89
190 266
190 327
190 436
190 596
190 613
190 615
190 652
190 680
190 821
190 822
190 823
190 969
191 1
191 253
191 304
191 397
191 406
191 480
191 797
191 829
191 898
192 44
192 399
192 512
192 531
192 623
192 681
192 682
192 933
192 993
193 167
193 364
193 375
193 559
193 690
193 801
194 205
194 285
194 576
194 931
195 83
195 320
195 635
195 653
195 655
195 822
195 853
195 940
196 256
196 560
196 678
196 716
196 775
196 963
197 50
197 99
197 362
197 376
197 406
197 407
197 569
197 672
197 730
197 798
197 928
197 980
198 3
198 32
198 101
198 150
198 292
198 302
198 307
198 588
198 636
198 658
198 695
198 825
198 842
199 141
199 182
199 469
199 535
199 726
199 755
199 999
200 63
200 253
200 344
200 687
200 730
200 785
200 822
201 215
201 281
201 518
201 651
201 789
201 851
201 896
201 901
201 915
201 977
202 93
202 118
202 176
202 178
202 203
202 378
202 397
202 418
202 430
202 746
202 799
202 886
202 952
203 117
203 232
203 328
203 366
203 457
203 680
203 900
204 37
204 227
204 263
204 269
204 408
204 492
204 561
204 716
204 729
204 774
204 779
204 986
205 28
205 346
205 373
205 420
205 449
205 597
205 667
205 792
205 849
206 147
206 160
206 175
206 186
206 237
206 282
206 352
206 482
206 616
206 689
206 726
206 770
206 799
206 854
206 884
207 75
207 105
207 402
207 425
207 505
207 726
207 903
208 50
208 172
208 318
208 354
208 858
209 25
209 75
209 111
209 284
209 317
209 396
209 418
209 539
209 568
209 797
210 337
210 397
210 414
210 428
211 81
211 92
211 94
211 129
211 383
211 476
211 530
211 557
211 771
211 779
211 915
212 13
212 36
212 110
212 135
212 296
212 355
212 422
212 457
212 527
212 696
212 868
213 248
213 308
213 416
213 639
213 865
213 903
214 166
214 550
214 577
214 578
214 676
214 718
214 944
214 967
215 154
215 313
215 394
215 479
215 732
215 741
215 820
215 898
216 80
216 179
216 262
216 394
216 433
216 484
216 507
216 569
216 650
216 698
217 107
217 163
217 324
217 415
217 467
217 475
217 829
217 892
217 897
218 65
218 82
218 87
218 219
218 283
218 288
218 319
218 419
218 605
218 663
218 782
218 879
218 909
218 915
218 928
219 267
219 525
219 548
219 576
219 701
220 218
220 450
220 626
220 652
220 701
220 779
220 826
220 920
221 218
221 221
221 301
221 351
221 596
221 712
221 831
221 934
222 0
222 129
222 239
222 317
222 353
222 408
222 471
222 532
222 572
222 643
222 977
222 984
222 998
223 139
223 223
223 284
223 381
223 480
223 584
223 637
223 641
223 650
223 667
223 844
224 390
224 444
224 641
224 717
224 807
225 5
225 51
225 350
225 406
225 407
225 611
225 612
225 802
225 875
225 898
226 123
226 159
226 202
226 211
226 362
226 431
226 568
226 693
226 710
226 742
226 973
227 28
227 73
227 171
227 254
227 280
227 499
227 684
227 791
227 816
227 831
227 851
227 946
227 958
228 4
228 22
228 228
228 244
228 458
229 101
229 161
229 335
229 356
229 399
229 656
230 134
230 150
230 270
230 429
230 543
230 568
230 669
230 742
230 778
230 939
230 985
231 30
231 235
231 260
231 280
231 345
231 576
231 582
231 669
231 706
231 824
231 889
232 140
232 218
232 252
232 358
232 435
232 571
232 608
232 663
232 692
232 721
232 774
232 993
233 70
233 128
233 131
233 419
233 535
233 635
233 657
233 711
233 847
233 863
233 883
233 965
233 982
234 245
234 332
234 377
234 431
234 479
234 618
234 803
234 820
234 834
234 846
234 974
234 979
234 996
235 11
235 72
235 82
235 278
235 304
235 422
235 731
235 790
235 793
235 795
235 807
235 954
236 279
236 431
236 504
236 505
236 528
236 600
236 647
236 761
236 810
236 902
236 973
236 996
237 53
237 174
237 183
237 289
237 530
237 582
237 628
237 787
238 14
238 57
238 62
238 147
238 213
238 358
238 397
238 581
238 644
238 920
239 290
239 297
239 412
239 431
239 713
239 831
239 901
239 936
240 158
240 280
240 519
240 546
240 566
240 619
240 624
240 664
240 924
240 942
241 2
241 9
241 29
241 103
241 210
241 247
241 466
241 610
241 891
242 140
242 175
242 437
242 459
242 483
242 498
242 594
242 701
242 845
243 104
243 220
243 234
243 492
243 659
243 798
243 845
243 867
244 103
244 259
244 391
244 396
244 533
244 744
245 21
245 99
245 169
245 298
245 379
245 549
245 619
245 692
245 921
246 33
246 50
246 75
246 197
246 208
246 236
246 309
246 469
246 668
246 748
246 814
246 869
246 887
247 378
247 460
247 603
247 607
248 44
248 209
248 223
248 402
248 671
248 699
248 718
248 904
248 976
249 125
249 366
249 397
249 565
249 576
249 735
249 787
249 788
249 789
249 871
249 898
249 957
250 23
250 70
250 76
250 140
250 168
250 295
250 449
250 501
250 860
250 907
250 911
250 994
251 15
251 232
251 358
251 551
251 567
251 812
251 981
252 152
252 192
252 198
252 222
252 287
252 321
252 478
252 486
252 720
252 721
252 813
252 927
252 941
253 163
253 175
253 300
253 440
253 454
253 511
253 550
253 698
254 18
254 89
254 207
254 672
254 737
254 983
255 249
255 560
255 615
255 675
255 709
255 744
255 778
255 850
255 865
255 931
255 957
256 118
256 274
256 293
256 297
256 359
256 371
256 677
256 716
256 762
256 799
256 817
257 100
257 205
257 213
257 217
257 463
257 947
257 960
257 973
258 122
258 148
258 478
258 495
258 558
258 577
258 847
259 7
259 66
259 122
259 157
259 267
259 375
259 633
259 659
259 683
259 807
259 825
259 913
259 927
259 931
260 103
260 391
260 404
260 488
260 576
260 586
260 611
260 740
260 747
260 880
261 75
261 345
261 381
261 514
261 526
261 757
261 789
261 904
261 922
261 941
261 957
261 958
262 186
262 210
262 229
262 248
262 363
262 370
262 378
262 599
262 720
262 731
262 739
263 53
263 112
263 139
263 143
263 152
263 186
263 245
263 290
263 321
263 361
263 684
263 733
263 850
263 873
263 927
264 60
264 131
264 183
264 269
264 321
264 382
264 389
264 418
264 492
264 661
264 674
265 119
265 125
265 288
265 307
265 378
265 409
265 463
265 554
265 632
265 663
265 730
265 740
265 880
265 916
266 128
266 505
266 537
266 706
266 717
266 824
266 989
267 35
267 75
267 366
267 438
267 489
267 921
268 90
268 104
268 237
268 454
268 460
268 539
268 542
268 568
268 723
268 832
268 926
268 972
269 141
269 342
269 494
269 501
269 686
269 780
269 815
269 832
269 834
269 846
269 933
270 10
270 41
270 56
270 78
270 450
270 723
271 63
271 146
271 508
271 613
271 923
272 109
272 147
272 267
272 299
272 328
272 361
272 418
272 450
272 547
272 677
272 811
272 899
272 970
273 1
273 176
273 203
273 213
273 225
273 316
273 392
273 526
273 705
273 778
274 169
274 322
274 386
274 425
274 426
274 579
274 708
274 749
274 845
274 856
274 866
274 885
275 78
275 156
275 581
275 618
275 632
275 651
275 771
275 806
275 830
275 889
276 133
276 210
276 480
276 636
276 723
276 821
276 827
276 948
277 243
277 335
277 348
277 350
277 373
277 404
277 615
277 756
277 890
278 35
278 46
278 244
278 277
278 353
278 370
278 374
278 805
278 870
279 1
279 53
279 208
279 484
279 670
279 707
279 713
279 930
279 998
280 81
280 109
280 235
280 243
280 363
280 591
280 647
280 668
280 695
280 781
280 802
280 869
280 965
280 979
281 60
281 90
281 202
281 215
281 404
281 425
281 442
281 601
281 623
281 669
281 674
281 741
281 869
281 874
281 927
281 982
281 991
282 14
282 695
282 748
282 907
282 918
283 130
283 213
283 256
283 461
283 574
283 642
283 745
283 758
283 867
283 952
284 36
284 75
284 79
284 158
284 160
284 269
284 285
284 754
284 790
284 825
284 975
285 15
285 45
285 89
285 369
285 413
285 464
285 523
285 659
285 724
286 229
286 305
286 374
286 422
286 426
286 540
286 890
286 929
286 939
286 979
287 24
287 62
287 66
287 242
287 269
287 318
287 353
287 539
287 648
287 888
287 952
287 972
287 978
288 157
288 217
288 338
288 376
288 564
288 578
288 903
289 20
289 129
289 176
289 282
289 294
289 404
289 453
289 550
289 684
289 949
290 9
290 83
290 237
290 382
290 416
290 429
290 499
290 536
290 547
290 680
290 708
290 710
290 877
291 48
291 328
291 423
291 469
291 669
291 863
291 889
291 907
292 315
292 604
292 631
292 866
293 153
293 272
293 315
293 337
293 440
293 489
293 804
293 852
293 881
293 936
293 966
294 21
294 137
294 221
294 256
294 280
294 323
294 368
294 410
294 451
294 509
294 546
294 553
294 588
294 758
294 906
294 918
294 931
295 35
295 101
295 248
295 300
295 444
295 734
295 807
295 820
295 823
295 860
295 878
295 966
296 15
296 35
296 208
296 221
296 564
296 719
296 749
296 752
296 830
296 960
296 991
297 51
297 82
297 183
297 350
297 357
297 368
297 396
297 555
297 698
297 815
297 855
297 864
297 931
298 157
298 432
298 714
298 873
298 886
298 898
298 899
298 918
298 961
299 97
299 202
299 507
299 733
299 805
299 953
300 138
300 155
300 209
300 220
300 256
300 264
300 348
300 407
300 559
300 670
300 906
300 980
300 989
301 55
301 125
301 216
301 271
301 361
301 395
301 413
301 473
301 599
301 684
301 693
301 855
301 882
301 909
301 939
301 986
302 11
302 35
302 269
302 561
302 700
302 726
302 785
302 883
302 996
303 269
303 276
303 414
303 419
303 598
303 667
303 738
303 768
303 827
303 954
303 985
304 44
304 127
304 130
304 399
304 895
304 931
304 944
304 947
304 993
305 168
305 216
305 228
305 266
305 309
305 398
305 639
305 706
305 797
305 813
305 868
305 888
306 38
306 70
306 112
306 357
306 497
306 729
306 751
306 799
306 873
306 942
306 997
307 40
307 50
307 515
307 524
307 638
307 674
307 688
307 701
307 832
308 2
308 79
308 225
308 247
308 588
308 702
308 720
308 724
308 963
309 18
309 39
309 53
309 132
309 157
309 363
309 443
309 719
309 810
309 874
309 926
309 975
310 23
310 74
310 134
310 231
310 292
310 315
310 361
310 516
310 548
310 582
310 623
310 637
310 856
311 10
311 671
311 710
311 901
311 971
312 32
312 119
312 255
312 312
312 343
312 433
312 462
312 676
312 743
313 25
313 41
313 134
313 142
313 237
313 340
313 357
313 471
313 629
313 674
313 933
314 69
314 84
314 180
314 252
314 328
314 504
314 510
314 525
314 604
314 628
314 730
314 734
314 759
314 903
314 970
315 66
315 175
315 359
315 425
315 587
315 602
315 703
315 870
315 937
316 16
316 77
316 91
316 107
316 179
316 190
316 199
316 266
316 361
316 399
316 415
316 532
316 534
316 579
316 622
316 784
316 800
317 89
317 271
317 295
317 418
317 534
317 549
317 628
317 644
317 800
318 255
318 322
318 647
318 760
318 773
318 814
319 34
319 134
319 158
319 173
319 230
319 267
319 442
319 667
319 711
319 731
319 788
319 877
319 907
320 70
320 92
320 222
320 243
320 262
320 377
320 438
320 564
320 581
320 627
321 84
321 110
321 187
321 321
321 325
321 327
321 435
321 542
321 578
321 599
321 623
322 56
322 82
322 340
322 385
322 422
322 598
322 650
322 754
322 923
322 961
323 87
323 92
323 110
323 256
323 276
323 436
323 503
323 680
323 805
323 868
323 967
324 105
324 122
324 163
324 164
324 341
324 376
324 397
324 511
324 536
324 741
324 751
324 770
324 784
324 796
324 894
324 895
325 172
325 244
325 342
325 369
325 394
325 414
325 451
325 545
325 627
325 646
325 702
325 707
325 739
325 909
326 94
326 162
326 225
326 270
326 457
326 591
326 612
326 788
326 903
327 18
327 139
327 291
327 319
327 469
327 640
327 721
327 823
327 945
328 309
328 408
328 415
328 442
328 508
328 544
328 637
328 665
328 726
329 115
329 143
329 308
329 422
329 473
330 7
330 271
330 294
330 321
330 327
330 372
330 516
330 520
330 530
330 724
331 13
331 48
331 507
331 633
331 645
331 733
331 777
331 791
331 812
331 855
331 927
331 978
332 184
332 385
332 394
332 580
332 653
332 659
332 726
332 734
332 737
332 752
332 757
332 884
333 125
333 147
333 269
333 314
333 458
333 649
333 785
333 793
333 817
333 907
334 39
334 48
334 360
334 366
334 562
334 564
334 717
334 848
335 26
335 43
335 67
335 186
335 275
335 445
335 487
335 527
335 771
335 874
335 902
335 926
335 932
336 3
336 12
336 84
336 105
336 229
336 322
336 386
336 477
336 564
336 568
336 590
336 705
336 823
336 998
337 83
337 97
337 188
337 235
337 275
337 321
337 435
337 496
337 597
337 626
337 679
337 850
337 855
337 860
337 888
337 891
338 6
338 172
338 192
338 208
338 368
338 407
338 878
338 896
338 959
339 52
339 156
339 170
339 402
339 602
339 621
339 763
339 785
339 805
339 851
339 886
340 129
340 220
340 272
340 274
340 383
340 771
340 813
341 59
341 67
341 69
341 70
341 106
341 116
341 178
341 226
341 238
341 457
341 488
341 516
341 965
342 12
342 36
342 126
342 167
342 540
342 580
342 770
342 825
342 841
343 3
343 148
343 176
343 216
343 241
343 318
343 425
343 538
343 645
343 762
343 904
343 975
344 8
344 12
344 13
344 24
344 243
344 703
344 744
344 857
344 925
344 945
344 981
345 26
345 283
345 407
345 575
345 647
345 689
345 790
345 812
345 815
346 82
346 86
346 114
346 326
346 399
346 433
346 452
346 525
346 739
346 765
347 162
347 251
347 343
347 401
347 523
347 743
347 783
347 861
348 67
348 322
348 505
348 547
348 561
348 642
348 734
348 779
348 787
348 793
349 99
349 202
349 214
349 268
349 519
349 538
349 644
349 657
349 726
349 733
349 885
349 991
350 297
350 304
350 360
350 435
350 436
350 860
351 176
351 206
351 287
351 353
351 359
351 382
351 436
351 470
351 478
351 578
351 937
352 267
352 298
352 620
352 783
352 801
352 843
352 891
352 915
352 920
352 970
353 3
353 71
353 106
353 276
353 419
353 530
353 571
353 693
353 734
353 859
354 45
354 420
354 569
354 664
354 836
354 988
355 134
355 166
355 188
355 439
355 458
355 472
355 483
355 539
355 577
355 665
355 739
355 798
355 873
355 980
355 994
356 160
356 256
356 284
356 381
356 596
356 762
356 784
357 23
357 82
357 127
357 147
357 363
357 373
357 411
357 419
357 479
357 492
357 563
357 574
357 759
357 863
358 24
358 36
358 213
358 274
358 536
358 658
358 667
358 720
358 952
359 47
359 395
359 560
359 739
359 888
360 262
360 270
360 279
360 427
360 587
360 594
360 617
360 736
360 779
360 924
360 978
361 2
361 11
361 48
361 73
361 198
361 230
361 235
361 542
361 562
361 611
361 668
361 927
361 979
362 31
362 233
362 261
362 345
362 440
362 490
362 517
362 568
362 811
362 895
362 960
362 961
363 32
363 257
363 352
363 405
363 438
363 443
363 463
363 488
363 522
363 569
364 50
364 106
364 126
364 192
364 299
364 343
364 629
364 721
364 786
364 869
364 997
365 193
365 239
365 241
365 551
365 839
366 168
366 212
366 252
366 441
366 445
366 538
366 661
366 706
366 917
367 206
367 286
367 324
367 385
367 433
367 587
367 620
367 691
367 698
367 848
368 110
368 213
368 282
368 436
368 535
368 636
368 691
368 709
368 732
368 757
368 888
368 890
369 15
369 23
369 25
369 405
369 725
369 780
369 787
369 932
370 27
370 29
370 301
370 430
370 431
370 464
370 684
370 902
370 966
371 25
371 86
371 124
371 156
371 187
371 340
371 428
371 566
371 680
371 760
371 966
371 975
371 989
372 328
372 391
372 537
372 553
372 556
372 609
372 841
372 915
372 930
372 971
373 132
373 236
373 292
373 419
373 654
373 778
373 801
373 841
373 896
373 992
374 31
374 246
374 527
374 597
374 798
374 809
374 956
375 345
375 369
375 492
375 674
375 690
375 717
375 805
375 809
375 816
375 860
375 862
375 923
376 32
376 173
376 487
376 755
376 786
376 882
376 900
377 24
377 142
377 418
377 486
378 59
378 98
378 115
378 176
378 183
378 265
378 567
378 584
378 653
378 668
378 749
378 763
378 939
378 977
379 16
379 21
379 148
379 164
379 193
379 284
379 436
379 474
379 539
379 540
379 633
379 862
379 897
379 958
379 994
380 0
380 39
380 41
380 90
380 153
380 186
380 267
380 304
380 370
380 489
380 508
380 638
380 718
380 755
381 79
381 198
381 269
381 518
381 719
381 737
381 754
381 761
381 955
381 992
382 39
382 86
382 130
382 182
382 332
382 373
382 396
382 442
382 544
382 582
382 614
382 916
383 0
383 72
383 85
383 216
383 226
383 248
383 290
383 346
383 381
383 426
383 451
383 567
383 686
383 714
383 722
383 832
383 949
383 952
383 984
384 6
384 156
384 254
384 488
384 509
384 637
384 895
385 154
385 167
385 257
385 293
385 369
385 430
385 523
385 619
385 640
385 891
385 962
386 159
386 277
386 325
386 385
386 395
386 609
386 664
386 888
387 30
387 48
387 133
387 148
387 422
387 607
387 752
387 862
387 875
387 896
387 920
387 921
388 108
388 140
388 181
388 287
388 438
388 451
388 455
388 687
388 723
388 810
389 117
389 175
389 229
389 375
389 885
390 3
390 150
390 226
390 315
390 678
390 728
390 819
390 924
391 231
391 312
391 355
391 393
391 483
391 536
391 665
391 728
391 754
391 762
392 85
392 107
392 187
392 208
392 378
392 380
392 511
392 778
392 800
392 828
392 904
392 992
393 121
393 209
393 261
393 353
393 572
393 651
393 740
393 824
393 843
394 3
394 53
394 142
394 340
394 404
394 501
394 552
394 680
394 733
394 995
395 38
395 174
395 190
395 253
395 263
395 280
395 428
395 490
395 605
395 618
395 756
395 794
395 807
395 983
396 50
396 75
396 230
396 547
396 873
396 944
396 995
397 2
397 73
397 133
397 201
397 337
397 429
397 465
397 622
397 718
397 822
397 912
397 981
398 5
398 43
398 121
398 345
398 356
398 375
398 434
398 550
398 621
398 769
398 922
398 943
399 28
399 179
399 250
399 292
399 396
399 411
399 524
399 632
399 813
399 894
400 15
400 24
400 282
400 409
400 627
400 633
400 665
400 815
400 871
401 39
401 258
401 265
401 306
401 318
401 443
401 515
401 522
401 605
401 622
401 666
401 774
401 918
401 999
402 12
402 124
402 167
402 440
402 466
402 470
402 641
402 698
402 838
402 949
403 195
403 268
403 305
403 515
403 652
403 675
403 838
403 840
403 846
403 877
404 95
404 169
404 194
404 197
404 305
404 345
404 356
404 408
404 657
404 669
404 774
404 833
404 889
405 167
405 202
405 239
405 241
405 279
405 303
405 420
405 482
405 712
405 753
405 840
405 919
405 983
406 25
406 36
406 64
406 70
406 335
406 431
406 643
406 656
406 766
406 916
407 0
407 139
407 418
407 482
407 505
407 562
407 601
407 725
407 740
407 881
408 35
408 143
408 156
408 185
408 326
408 494
408 499
408 515
408 518
408 601
408 916
409 105
409 326
409 372
409 570
409 767
409 798
409 841
410 17
410 108
410 288
410 582
410 669
410 680
410 974
411 191
411 494
411 511
411 645
411 655
411 663
411 681
411 787
411 854
411 920
411 972
412 64
412 129
412 379
412 466
412 529
412 623
412 689
412 691
412 763
413 47
413 128
413 266
413 267
413 411
413 720
413 755
413 886
413 939
413 943
414 0
414 15
414 39
414 57
414 77
414 111
414 251
414 406
414 523
414 639
414 679
414 764
414 934
414 978
414 990
415 50
415 106
415 169
415 190
415 272
415 286
415 290
415 541
415 846
415 891
415 932
415 933
416 2
416 73
416 98
416 373
416 419
416 453
416 532
416 916
416 940
417 218
417 265
417 654
417 667
417 680
417 769
417 843
417 856
417 865
418 46
418 53
418 110
418 281
418 362
418 661
418 687
418 851
419 179
419 204
419 305
419 414
419 575
419 784
419 862
419 892
419 910
419 971
420 44
420 118
420 407
420 681
420 695
420 841
420 876
420 891
420 947
421 63
421 193
421 213
421 266
421 307
421 346
421 435
421 440
421 523
421 546
421 784
421 806
421 886
421 935
421 965
421 998
422 122
422 286
422 356
422 557
422 563
422 604
422 608
422 898
423 439
423 629
423 648
423 672
424 13
424 19
424 60
424 98
424 133
424 139
424 264
424 365
424 373
424 435
424 492
424 575
424 604
425 80
425 88
425 121
425 129
425 467
425 903
425 925
425 932
426 132
426 223
426 317
426 392
426 680
426 760
426 838
426 893
426 928
427 190
427 210
427 468
427 550
427 777
428 50
428 140
428 298
428 409
428 427
428 564
428 661
428 781
428 905
428 960
429 1
429 112
429 220
429 292
429 306
429 373
429 518
429 708
429 800
429 823
429 828
429 949
430 76
430 89
430 165
430 194
430 251
430 297
430 449
430 578
430 582
430 849
431 64
431 168
431 257
431 331
431 384
431 390
431 605
431 636
431 748
431 866
432 345
432 423
432 509
432 607
432 688
432 701
432 814
432 911
432 941
432 948
433 31
433 60
433 82
433 240
433 266
433 514
433 632
433 660
433 663
433 708
434 36
434 98
434 161
434 275
434 335
434 368
434 391
434 456
434 752
434 847
434 851
434 875
434 927
435 21
435 42
435 46
435 47
435 79
435 184
435 407
435 431
435 448
435 655
435 716
435 789
435 883
435 917
436 126
436 137
436 164
436 173
436 301
436 453
436 490
436 494
436 745
436 792
437 151
437 183
437 311
437 350
437 566
437 588
437 610
437 658
437 809
438 88
438 345
438 437
438 550
438 595
438 625
438 722
438 807
438 822
438 839
438 864
438 881
438 920
438 927
439 183
439 187
439 200
439 337
439 450
439 485
439 528
439 544
439 739
439 785
439 900
439 997
440 165
440 262
440 326
440 503
440 528
440 531
440 680
440 789
440 881
440 958
441 1
441 17
441 514
441 519
441 721
441 883
441 899
442 22
442 414
442 579
442 610
442 877
443 197
443 296
443 609
443 650
443 721
443 802
444 94
444 291
444 644
444 738
444 760
444 862
444 989
445 3
445 166
445 200
445 202
445 370
445 425
445 514
445 630
446 115
446 293
446 351
446 536
446 576
446 611
446 935
446 990
447 24
447 74
447 211
447 218
447 242
447 269
447 289
447 353
447 453
447 455
447 728
447 779
448 150
448 218
448 263
448 264
448 304
448 414
448 475
448 516
448 636
448 650
448 700
448 723
449 30
449 306
449 319
449 325
449 361
449 656
449 875
450 40
450 81
450 117
450 266
450 279
450 419
450 598
450 750
450 798
450 811
450 874
450 904
451 27
451 97
451 178
451 222
451 243
451 252
451 300
451 374
451 804
451 825
451 886
452 36
452 138
452 158
452 348
452 589
452 627
452 681
452 731
452 899
452 929
453 137
453 167
453 171
453 335
453 363
453 581
453 589
453 630
453 640
453 714
453 940
454 84
454 91
454 139
454 207
454 305
454 426
454 444
454 628
454 664
454 796
454 886
455 166
455 326
455 404
455 448
455 678
455 682
455 938
455 975
456 72
456 74
456 120
456 292
456 414
456 592
456 636
456 667
456 716
456 782
456 786
456 848
456 949
456 950
456 965
457 63
457 78
457 256
457 279
457 436
457 651
457 752
457 818
458 7
458 113
458 271
458 294
458 345
458 379
458 400
458 435
458 535
458 586
458 598
458 619
458 741
458 784
458 919
458 923
459 40
459 307
459 378
459 492
459 793
459 874
459 904
459 998
460 135
460 433
460 552
460 596
460 791
460 809
460 879
461 139
461 177
461 251
461 360
461 401
461 586
461 589
461 624
461 637
461 722
461 894
462 169
462 191
462 204
462 217
462 414
462 415
462 452
462 506
462 601
462 727
462 741
462 744
462 846
463 112
463 213
463 312
463 436
463 453
463 531
463 581
463 596
463 710
463 925
464 7
464 36
464 43
464 61
464 124
464 157
464 364
464 593
464 632
464 842
464 872
464 889
464 929
465 174
465 245
465 252
465 295
465 497
465 671
465 680
465 722
465 808
465 810
465 838
465 951
466 22
466 199
466 395
466 489
466 623
466 841
466 858
466 936
467 11
467 165
467 226
467 269
467 620
467 643
467 675
467 709
467 714
467 865
467 983
468 15
468 67
468 144
468 158
468 176
468 218
468 364
468 474
468 478
468 689
468 707
468 732
468 856
469 222
469 374
469 628
469 667
469 827
469 923
470 168
470 309
470 470
470 541
470 567
470 701
470 782
470 826
470 988
471 143
471 215
471 224
471 289
471 303
471 476
471 552
471 855
471 959
471 985
472 139
472 151
472 205
472 303
472 412
472 549
472 551
472 583
472 868
473 54
473 260
473 729
473 772
473 879
474 98
474 113
474 218
474 236
474 443
474 462
474 545
474 603
474 834
474 837
474 918
474 944
475 27
475 62
475 97
475 125
475 210
475 218
475 261
475 390
475 620
475 831
475 876
475 923
475 967
476 188
476 202
476 218
476 349
476 393
476 502
476 616
476 646
476 648
476 730
476 787
476 928
476 931
476 953
477 170
477 321
477 415
477 424
477 435
477 444
477 539
477 580
477 687
477 808
477 937
478 138
478 145
478 184
478 240
478 328
478 372
478 377
478 553
478 688
478 724
478 742
479 99
479 244
479 332
479 354
479 358
479 451
479 455
479 482
479 591
479 682
479 773
479 823
479 903
479 961
480 186
480 193
480 201
480 254
480 421
480 514
480 603
480 608
480 667
480 685
480 701
480 830
481 199
481 257
481 298
481 309
481 332
481 420
481 470
481 524
481 556
481 574
481 596
481 637
481 652
481 669
481 704
481 708
481 711
481 726
481 836
481 850
481 868
481 908
481 912
482 56
482 87
482 713
482 738
482 769
482 827
482 855
482 867
482 985
483 47
483 396
483 427
483 510
483 649
483 650
483 691
483 715
483 739
483 782
483 834
484 224
484 268
484 312
484 316
484 523
484 541
484 674
484 740
484 769
484 969
485 218
485 277
485 408
485 649
485 662
485 727
485 915
485 975
486 174
486 295
486 477
486 656
486 666
486 693
486 758
486 765
486 818
486 819
486 903
486 923
486 942
486 969
486 979
487 74
487 177
487 310
487 338
487 558
487 808
487 925
487 944
488 126
488 251
488 254
488 487
488 643
488 854
488 893
488 985
489 75
489 256
489 281
489 291
489 503
489 522
489 588
489 868
489 980
490 45
490 512
490 575
490 664
490 670
490 671
490 732
490 794
490 809
490 872
491 6
491 27
491 99
491 198
491 221
491 265
491 446
491 611
491 820
491 871
491 914
491 940
491 993
492 197
492 327
492 362
492 573
492 651
492 787
492 850
493 136
493 249
493 341
493 365
493 426
493 431
493 466
493 529
493 556
493 645
493 752
493 755
493 762
493 857
494 7
494 89
494 94
494 101
494 257
494 319
494 538
494 717
494 847
494 920
495 116
495 170
495 244
495 282
495 334
495 474
495 487
495 523
495 806
496 96
496 298
496 340
496 347
496 361
496 435
496 457
496 556
496 613
496 641
496 677
496 766
496 811
497 113
497 344
497 423
497 424
497 434
497 716
497 761
497 806
497 857
497 909
498 43
498 115
498 194
498 348
498 380
498 474
498 489
498 498
498 911
498 970
498 996
499 27
499 97
499 346
499 434
499 471
499 652
499 719
499 878
499 898
499 972
499 985
500 111
500 142
500 186
500 281
500 328
500 377
500 546
500 669
500 882
501 18
501 332
501 472
501 616
501 730
501 734
501 805
502 108
502 275
502 287
502 391
502 431
502 468
502 471
502 478
502 776
502 845
502 873
503 197
503 211
503 321
503 372
503 457
503 515
503 550
503 594
503 687
503 716
503 783
503 792
504 88
504 166
504 184
504 430
504 434
504 439
504 472
504 552
504 553
504 559
504 561
504 589
504 600
504 797
504 907
505 22
505 49
505 97
505 217
505 236
505 471
505 499
505 505
505 621
505 696
505 722
506 81
506 150
506 369
506 380
506 427
506 483
506 545
506 580
506 740
506 772
506 833
507 199
507 429
507 451
507 695
507 814
507 842
507 894
508 394
508 409
508 457
508 516
508 540
508 606
508 719
508 755
508 872
509 49
509 53
509 54
509 126
509 163
509 214
509 533
509 726
509 920
509 943
509 949
509 950
509 976
509 989
510 0
510 114
510 164
510 176
510 244
510 292
510 320
510 392
510 433
510 500
510 532
510 700
510 830
510 923
511 117
511 286
511 298
511 308
511 324
511 364
511 483
511 612
511 798
512 57
512 142
512 164
512 173
512 230
512 336
512 378
512 466
512 943
512 971
512 974
513 106
513 128
513 135
513 163
513 178
513 428
513 499
513 511
513 530
513 856
513 874
513 914
513 921
513 931
514 123
514 125
514 222
514 307
514 484
514 604
514 638
514 759
514 766
514 978
514 985
515 103
515 108
515 274
515 297
515 403
515 616
515 617
516 41
516 55
516 56
516 178
516 210
516 234
516 475
516 483
516 599
516 609
516 692
516 786
516 976
517 141
517 161
517 245
517 471
517 521
517 539
517 575
517 600
517 663
517 709
517 922
518 124
518 134
518 142
518 277
518 404
518 462
518 520
518 526
518 535
518 577
518 621
518 688
518 878
519 52
519 212
519 330
519 481
519 534
519 540
519 727
519 883
519 926
519 991
520 3
520 77
520 138
520 289
520 334
520 336
520 487
520 568
520 683
520 759
520 762
520 813
520 824
520 942
520 990
521 92
521 94
521 190
521 288
521 309
521 379
521 540
521 837
521 879
521 950
521 992
522 40
522 46
522 63
522 83
522 115
522 245
522 276
522 344
522 365
522 841
522 968
523 0
523 66
523 312
523 574
523 632
523 634
523 739
523 770
523 983
524 88
524 109
524 208
524 309
524 537
524 753
524 817
525 13
525 20
525 87
525 104
525 306
525 326
525 401
525 514
525 597
525 671
525 965
526 172
526 235
526 266
526 283
526 369
526 638
526 647
526 795
526 925
526 930
527 164
527 214
527 301
527 408
527 454
527 493
527 519
527 604
527 608
527 850
528 33
528 126
528 141
528 301
528 302
528 417
528 518
528 736
528 867
528 871
528 877
528 897
529 238
529 294
529 532
529 625
529 916
529 927
530 49
530 84
530 277
530 438
530 572
530 650
530 827
530 950
531 45
531 113
531 183
531 238
531 315
531 333
531 410
531 626
531 669
531 679
531 789
531 842
531 876
531 993
532 68
532 128
532 159
532 202
532 288
532 405
532 652
532 703
532 750
532 879
532 893
532 945
533 92
533 152
533 181
533 224
533 304
533 628
533 954
533 986
534 35
534 48
534 419
534 928
534 935
535 62
535 345
535 420
535 434
535 716
535 758
535 786
535 797
535 807
535 849
535 895
535 903
536 27
536 214
536 465
536 707
536 736
536 875
536 884
537 242
537 279
537 374
537 380
537 441
537 443
537 511
537 546
537 572
537 585
537 729
537 771
537 853
537 900
537 902
538 368
538 567
538 629
538 632
538 641
538 722
538 732
538 995
539 59
539 128
539 168
539 291
539 316
539 345
539 481
539 513
539 865
539 882
540 59
540 229
540 271
540 859
541 17
541 117
541 258
541 350
541 412
541 414
541 844
541 884
541 917
541 949
541 966
541 978
542 58
542 60
542 132
542 154
542 201
542 275
542 378
542 701
542 707
542 767
542 780
542 986
543 11
543 70
543 308
543 312
543 347
543 458
543 578
543 697
543 866
544 102
544 145
544 189
544 366
544 535
544 616
544 921
545 150
545 199
545 460
545 486
545 548
545 626
545 692
545 740
545 770
545 841
545 949
546 244
546 415
546 503
546 674
546 752
546 755
547 137
547 426
547 443
547 471
547 511
547 529
547 750
547 882
547 908
547 970
548 5
548 74
548 126
548 482
548 506
548 687
548 723
548 766
548 893
548 939
549 37
549 388
549 436
549 716
549 802
549 913
550 66
550 154
550 198
550 213
550 225
550 315
550 378
550 434
550 567
550 714
550 786
550 791
550 802
550 888
551 23
551 86
551 179
551 188
551 276
551 418
551 544
551 821
551 954
552 4
552 108
552 219
552 541
552 584
552 591
552 739
552 763
552 794
552 896
552 986
553 135
553 171
553 584
553 617
553 647
553 665
553 821
554 67
554 152
554 167
554 428
554 548
554 555
554 587
554 594
554 610
554 740
554 913
555 76
555 253
555 300
555 317
555 355
555 365
555 417
555 482
555 931
555 941
556 60
556 65
556 202
556 407
556 499
556 558
556 634
556 896
556 899
556 957
556 989
557 248
557 306
557 314
557 340
557 558
557 600
557 780
557 783
557 787
557 830
557 886
557 982
557 988
558 323
558 416
558 431
558 440
558 469
558 492
558 704
558 837
559 123
559 168
559 178
559 222
559 237
559 300
559 335
559 475
559 625
559 975
559 991
560 29
560 203
560 368
560 371
560 493
560 626
560 636
561 44
561 166
561 339
561 350
561 403
561 751
561 830
561 902
561 966
562 99
562 153
562 211
562 272
562 534
562 576
562 654
562 841
562 899
562 927
563 171
563 180
563 212
563 222
563 261
563 422
563 564
563 614
564 6
564 147
564 155
564 246
564 328
564 380
564 385
564 923
565 29
565 77
565 196
565 252
565 290
565 346
565 383
565 497
565 517
565 623
565 624
565 756
565 856
565 963
566 92
566 158
566 177
566 185
566 251
566 384
566 491
566 498
566 504
566 517
566 683
566 716
566 857
566 887
567 81
567 118
567 209
567 303
567 366
567 439
567 534
567 653
567 684
567 696
567 752
568 70
568 83
568 126
568 220
568 389
568 477
568 572
568 826
568 888
568 889
568 970
569 74
569 113
569 168
569 192
569 372
569 379
569 392
569 601
569 711
569 864
569 917
570 60
570 98
570 170
570 285
570 333
570 408
570 424
570 520
570 644
570 653
570 703
570 789
570 812
570 955
571 94
571 193
571 307
571 686
571 733
571 750
571 859
572 112
572 114
572 288
572 322
572 501
572 564
572 591
572 600
572 629
572 731
572 818
572 981
573 197
573 250
573 297
573 342
573 500
573 502
573 509
573 560
573 692
573 699
573 748
573 842
573 870
573 908
573 995
574 18
574 23
574 89
574 188
574 197
574 391
574 444
574 501
574 537
574 541
574 717
574 788
574 828
575 69
575 97
575 195
575 228
575 239
575 246
575 273
575 291
575 294
575 552
575 579
575 674
575 719
575 798
575 839
575 909
575 941
576 52
576 64
576 133
576 234
576 251
576 382
576 545
576 919
576 927
576 969
577 203
577 522
577 671
577 677
577 821
577 949
578 32
578 48
578 101
578 164
578 235
578 306
578 314
578 369
578 523
578 792
578 995
579 5
579 38
579 92
579 177
579 186
579 513
580 50
580 95
580 96
580 154
580 249
580 250
580 254
580 316
580 416
580 522
580 614
580 888
580 890
581 38
581 154
581 199
581 248
581 371
581 538
581 664
581 706
581 778
582 101
582 268
582 372
582 546
582 748
582 856
583 226
583 233
583 249
583 338
583 394
583 417
583 666
583 828
583 885
583 915
584 6
584 65
584 217
584 382
584 594
584 599
584 747
584 762
584 909
585 146
585 191
585 230
585 238
585 257
585 334
585 407
585 608
585 609
585 626
585 699
586 38
586 48
586 101
586 129
586 157
586 245
586 291
586 301
586 415
586 477
586 524
586 544
586 699
586 723
586 756
586 913
586 945
586 996
587 38
587 48
587 109
587 139
587 521
587 605
587 616
587 674
587 838
587 907
587 956
588 149
588 276
588 280
588 293
588 329
588 453
588 495
588 500
588 649
588 693
588 872
588 878
588 935
588 970
589 55
589 204
589 350
589 362
589 521
589 727
589 945
590 138
590 185
590 200
590 230
590 401
590 447
590 581
590 618
590 722
591 39
591 139
591 157
591 197
591 206
591 232
591 247
591 346
591 384
591 399
591 452
591 762
591 927
591 960
592 263
592 289
592 403
592 534
592 580
592 615
592 918
593 136
593 139
593 242
593 310
593 336
593 400
593 461
593 467
593 470
593 501
593 574
593 787
593 911
594 26
594 70
594 121
594 131
594 181
594 554
594 599
594 827
594 842
595 387
595 570
595 605
595 722
595 793
595 932
595 974
596 109
596 253
596 483
596 541
596 583
596 633
596 659
596 677
596 755
596 826
597 63
597 145
597 240
597 409
597 489
597 500
597 544
597 614
597 731
597 901
598 275
598 282
598 319
598 415
598 593
598 763
598 996
599 86
599 428
599 483
599 638
599 692
599 764
599 886
599 889
599 957
600 354
600 403
600 570
600 612
600 840
600 868
601 232
601 241
601 245
601 254
601 536
601 663
601 825
601 839
601 856
601 992
602 113
602 278
602 322
602 409
602 423
602 473
602 474
602 612
602 643
602 831
603 234
603 296
603 526
603 541
603 599
603 641
603 680
603 702
603 722
603 951
604 13
604 156
604 193
604 334
604 345
604 385
604 466
604 636
604 837
605 128
605 268
605 362
605 367
605 469
605 683
605 691
605 826
605 844
605 914
606 106
606 157
606 229
606 272
606 400
606 591
606 759
607 14
607 61
607 161
607 309
607 320
607 367
607 388
607 418
607 489
607 703
607 746
607 842
608 87
608 517
608 518
608 752
608 768
608 801
608 857
608 912
609 10
609 82
609 153
609 269
609 342
609 377
609 480
609 498
609 673
609 674
609 768
609 965
610 95
610 99
610 164
610 274
610 321
610 693
610 781
610 805
611 62
611 94
611 375
611 451
611 502
611 577
611 683
611 691
611 692
611 757
611 835
612 155
612 309
612 534
612 582
613 45
613 337
613 406
613 547
613 610
613 699
613 830
613 880
614 62
614 66
614 170
614 238
614 338
614 371
614 476
614 666
614 731
614 921
614 945
615 54
615 72
615 89
615 649
615 670
615 703
615 747
615 860
616 61
616 64
616 95
616 110
616 116
616 125
616 181
616 253
616 327
616 345
616 444
616 479
616 614
616 616
617 112
617 133
617 287
617 293
617 433
617 546
617 635
617 683
617 725
617 730
617 739
617 828
617 865
617 955
617 986
618 53
618 61
618 163
618 331
618 516
618 786
618 793
618 913
619 10
619 85
619 173
619 279
619 295
619 305
619 372
619 921
620 79
620 138
620 238
620 269
620 451
620 532
620 545
620 563
620 748
620 814
620 889
620 893
621 89
621 137
621 152
621 190
621 266
621 479
621 482
621 658
621 682
621 718
621 828
621 898
622 9
622 228
622 242
622 402
622 667
622 677
622 693
622 717
622 875
623 105
623 109
623 169
623 172
623 247
623 328
623 472
623 523
623 576
623 655
623 766
623 888
623 989
624 118
624 124
624 181
624 445
624 604
624 620
624 741
624 864
625 162
625 189
625 418
625 456
625 805
625 891
625 955
626 54
626 55
626 419
626 422
626 455
626 550
626 642
626 698
626 705
626 782
627 36
627 127
627 269
627 344
627 363
627 647
627 672
627 674
627 766
627 836
627 873
628 137
628 157
628 214
628 217
628 274
628 456
628 463
628 649
628 752
628 970
629 34
629 77
629 97
629 129
629 265
629 288
629 308
629 328
629 400
629 638
629 707
629 770
629 890
630 120
630 141
630 249
630 252
630 278
630 380
630 463
630 483
630 541
630 756
630 817
630 844
630 866
630 979
630 987
631 58
631 77
631 407
631 479
631 920
632 43
632 128
632 139
632 162
632 167
632 193
632 211
632 531
632 638
632 678
632 996
633 113
633 198
633 283
633 321
633 598
633 697
633 745
633 781
634 249
634 335
634 432
634 479
634 495
634 576
634 664
634 675
634 885
635 150
635 240
635 284
635 346
635 454
635 532
635 584
635 791
635 795
636 120
636 599
636 634
636 657
636 847
636 851
636 935
637 12
637 232
637 316
637 328
637 439
637 681
637 733
637 831
637 852
637 867
638 367
638 381
638 828
638 848
638 932
638 969
638 980
638 988
639 31
639 82
639 178
639 188
639 659
639 758
639 950
640 264
640 395
640 478
640 562
640 653
640 730
640 823
640 986
641 86
641 132
641 134
641 147
641 293
641 363
641 415
641 487
641 524
641 663
641 674
641 721
641 835
641 875
641 888
642 39
642 112
642 123
642 129
642 214
642 268
642 426
642 429
642 453
642 471
642 495
642 654
642 777
642 815
642 865
642 881
642 932
642 950
643 114
643 128
643 205
643 372
643 384
643 469
643 488
643 562
643 981
643 985
644 33
644 53
644 136
644 146
644 457
644 588
644 609
644 610
644 822
644 856
645 16
645 92
645 251
645 281
645 478
645 680
645 733
645 801
645 905
645 973
645 984
646 105
646 125
646 231
646 267
646 425
646 542
646 639
646 659
646 757
646 761
646 792
646 851
646 933
647 370
647 399
647 464
647 500
647 502
647 566
647 605
647 609
647 625
647 633
647 770
647 798
647 828
647 913
648 302
648 348
648 498
648 724
648 828
648 886
648 946
649 156
649 607
649 831
650 69
650 151
650 342
650 561
650 621
650 629
650 697
650 792
650 821
650 924
650 947
651 96
651 200
651 248
651 453
651 618
651 759
651 785
651 823
651 871
651 952
652 122
652 271
652 480
652 485
652 556
652 676
652 838
653 22
653 27
653 154
653 242
653 309
653 325
653 346
653 389
653 432
653 434
653 524
653 586
653 598
653 632
653 650
653 697
653 749
653 781
654 66
654 257
654 401
654 451
654 453
654 541
654 592
654 792
654 867
654 911
654 962
654 963
654 967
655 1
655 305
655 386
655 706
655 761
655 851
655 899
655 940
656 23
656 202
656 243
656 280
656 470
656 497
656 574
656 675
656 802
656 805
656 979
657 186
657 235
657 349
657 416
657 503
657 541
657 598
657 751
657 844
657 875
657 902
658 22
658 30
658 160
658 258
658 375
658 406
658 433
658 669
658 725
658 730
658 747
658 877
658 888
659 285
659 449
659 604
659 821
659 886
659 896
659 913
659 921
660 119
660 131
660 316
660 492
660 523
660 655
660 840
661 336
661 393
661 397
661 400
661 568
661 611
661 676
661 805
661 838
662 11
662 12
662 18
662 84
662 126
662 152
662 208
662 326
662 347
662 452
662 751
662 753
662 803
662 911
662 922
662 978
663 79
663 116
663 175
663 542
663 665
663 849
663 948
663 962
663 985
664 91
664 95
664 101
664 248
664 381
664 541
664 596
664 625
664 672
664 678
664 784
664 869
665 74
665 277
665 309
665 346
665 389
665 399
665 401
666 56
666 209
666 231
666 268
666 291
666 353
666 937
667 75
667 319
667 333
667 528
667 611
667 646
667 699
667 751
667 764
667 808
667 921
667 975
668 46
668 165
668 167
668 306
668 548
668 653
668 697
668 934
668 954
669 37
669 72
669 364
669 461
669 544
669 549
669 582
669 735
669 806
670 89
670 98
670 126
670 221
670 403
670 418
670 420
670 480
670 642
670 694
670 871
670 944
670 949
670 993
670 997
671 165
671 188
671 267
671 339
671 484
671 486
671 641
671 701
671 760
671 880
671 962
671 978
671 979
672 141
672 291
672 442
672 742
672 946
673 173
673 206
673 249
673 415
673 431
673 511
673 544
673 561
673 719
674 120
674 155
674 205
674 232
674 280
674 393
674 413
674 418
674 519
674 761
674 781
674 908
675 21
675 115
675 195
675 198
675 283
675 313
675 374
675 447
675 454
675 717
675 851
675 908
676 90
676 117
676 141
676 144
676 188
676 330
676 370
676 413
676 420
676 469
676 641
676 692
677 42
677 84
677 732
677 769
677 927
677 935
677 948
677 968
678 511
678 669
678 689
678 780
679 61
679 99
679 116
679 166
679 243
679 568
679 698
680 21
680 192
680 449
680 506
680 569
680 818
680 910
681 26
681 36
681 409
681 668
682 26
682 60
682 82
682 212
682 290
682 360
682 414
682 532
682 581
682 825
682 859
683 121
683 339
683 375
683 550
683 553
683 697
683 868
683 921
684 61
684 70
684 141
684 272
684 303
684 367
684 458
684 577
684 623
684 693
684 711
684 756
684 791
685 23
685 73
685 99
685 101
685 159
685 349
685 359
685 367
685 603
685 642
685 705
685 727
685 837
685 885
685 913
686 48
686 76
686 102
686 261
686 357
686 384
686 636
686 750
686 802
687 65
687 178
687 258
687 285
687 376
687 526
687 547
687 589
687 741
687 903
688 1
688 69
688 339
688 685
688 741
688 766
688 774
688 843
688 942
689 26
689 530
689 589
689 749
689 875
690 58
690 154
690 164
690 204
690 600
690 648
690 855
690 930
691 67
691 228
691 319
691 345
691 665
691 824
691 944
691 977
692 76
692 136
692 226
692 227
692 246
692 265
692 580
692 768
692 788
693 16
693 140
693 185
693 192
693 213
693 312
693 405
693 477
693 580
693 854
694 248
694 428
694 447
694 630
694 641
694 822
695 90
695 91
695 158
695 283
695 306
695 498
695 571
695 617
695 703
695 753
695 789
695 815
695 892
695 904
696 156
696 337
696 397
696 443
696 625
696 635
696 641
696 652
696 940
697 176
697 450
697 612
697 841
697 935
698 41
698 116
698 118
698 172
698 250
698 303
698 401
698 963
699 44
699 132
699 273
699 400
699 401
699 437
699 822
700 276
700 386
700 562
700 612
700 880
701 7
701 24
701 107
701 135
701 218
701 253
701 304
701 317
701 555
701 740
701 979
702 35
702 273
702 315
702 342
702 645
702 737
702 782
702 940
703 86
703 132
703 270
703 305
703 377
703 395
703 429
703 484
703 517
703 591
703 619
703 708
703 756
704 71
704 90
704 225
704 329
704 582
704 612
704 627
704 639
704 657
704 731
704 756
704 769
704 855
705 366
705 369
705 611
705 615
705 643
705 685
705 702
705 749
705 880
706 144
706 469
706 721
706 753
706 868
706 930
707 9
707 249
707 446
707 457
707 524
707 645
707 657
707 752
707 833
708 627
708 673
708 678
708 704
708 791
708 956
709 143
709 330
709 385
709 478
709 674
710 53
710 91
710 121
710 148
710 169
710 201
710 425
710 537
710 710
710 852
710 996
711 127
711 142
711 209
711 427
711 517
711 894
711 937
711 954
712 96
712 104
712 160
712 219
712 349
712 475
712 620
712 621
712 728
712 801
712 821
712 839
712 874
712 880
712 945
712 976
713 28
713 54
713 153
713 213
713 267
713 311
713 446
713 510
713 612
713 661
713 767
713 769
713 939
714 187
714 204
714 668
714 869
714 959
715 28
715 109
715 429
715 525
715 558
715 641
715 773
715 946
715 978
716 77
716 87
716 106
716 242
716 278
716 309
716 328
716 466
716 655
716 736
716 833
716 947
717 211
717 218
717 245
717 416
717 436
717 536
717 550
717 602
717 607
717 852
717 883
717 906
717 964
718 31
718 63
718 241
718 301
718 321
718 330
718 339
718 381
718 575
718 584
718 606
718 973
719 38
719 297
719 308
719 392
719 661
719 692
719 824
719 900
719 903
719 950
719 971
720 66
720 140
720 367
720 370
720 387
720 756
720 834
721 129
721 269
721 336
722 213
722 353
722 866
722 868
722 957
722 998
723 135
723 188
723 192
723 321
723 370
723 385
723 448
723 547
723 564
723 813
723 915
723 955
724 11
724 166
724 255
724 378
724 394
724 611
724 613
724 637
724 851
724 884
724 890
724 945
725 92
725 96
725 193
725 378
725 411
725 600
725 602
725 867
726 26
726 251
726 256
726 566
726 589
726 607
726 616
726 657
726 723
726 754
726 764
726 981
727 17
727 32
727 62
727 483
727 507
727 578
727 582
727 656
727 687
727 752
727 810
728 9
728 312
728 386
728 555
728 688
729 79
729 166
729 202
729 279
729 295
729 518
729 524
729 550
729 752
730 142
730 442
730 590
730 656
730 755
730 791
731 103
731 305
731 326
731 443
731 445
731 495
731 610
731 652
731 730
731 774
731 804
731 821
731 941
732 53
732 102
732 111
732 131
732 476
732 535
732 578
732 583
732 626
732 683
732 951
733 114
733 218
733 274
733 287
733 369
733 411
733 471
733 647
733 844
733 885
733 907
733 971
733 980
734 63
734 276
734 388
734 681
734 711
734 843
734 868
734 894
734 960
735 111
735 158
735 315
735 374
735 606
735 912
735 995
736 32
736 101
736 122
736 302
736 324
736 325
736 515
736 569
736 694
736 843
736 911
736 979
736 991
737 121
737 403
737 404
737 409
737 483
737 558
737 986
738 159
738 197
738 246
738 304
738 350
738 498
738 515
738 516
738 662
738 736
738 787
739 98
739 124
739 301
739 427
739 435
739 652
740 4
740 148
740 164
740 244
740 373
740 379
740 439
740 479
740 545
740 631
740 710
740 811
740 938
741 47
741 225
741 357
741 381
741 400
741 490
741 556
741 633
741 637
741 768
742 50
742 135
742 198
742 216
742 290
742 520
742 557
742 854
742 864
742 913
743 26
743 127
743 337
743 342
743 344
743 480
743 523
743 555
743 649
743 665
743 820
743 850
743 898
743 979
744 31
744 81
744 156
744 245
744 362
744 773
745 41
745 150
745 321
745 374
745 560
745 598
745 780
746 50
746 265
746 315
746 330
746 352
746 666
746 841
746 888
746 891
747 163
747 169
747 238
747 397
747 848
747 904
748 118
748 348
748 415
748 491
748 620
748 693
748 719
748 730
748 807
748 823
748 973
749 94
749 243
749 327
749 354
749 452
749 513
749 544
749 548
749 582
749 661
749 662
749 735
749 801
750 52
750 315
750 325
750 480
750 533
750 582
750 605
750 705
750 917
750 974
751 297
751 353
751 746
751 801
752 77
752 125
752 129
752 154
752 214
752 539
752 642
752 698
753 360
753 400
753 843
753 906
753 997
754 179
754 271
754 275
754 294
754 330
754 377
754 392
754 897
755 229
755 430
755 471
755 593
755 671
755 708
755 776
755 796
755 820
755 821
755 931
756 58
756 101
756 174
756 208
756 218
756 397
756 420
756 481
756 538
756 606
756 646
756 911
756 985
757 11
757 23
757 159
757 230
757 239
757 307
757 328
757 386
757 410
757 575
757 736
757 827
757 829
757 839
757 890
757 901
758 38
758 511
758 552
758 810
759 11
759 67
759 103
759 118
759 366
759 475
759 534
759 570
759 893
759 961
759 996
760 5
760 59
760 139
760 183
760 373
760 511
760 516
760 603
760 640
760 645
760 660
760 706
760 770
760 780
760 871
760 983
761 135
761 427
761 443
761 527
761 584
761 608
761 775
762 94
762 107
762 140
762 237
762 277
762 326
762 379
762 479
762 561
762 623
762 636
762 733
762 849
762 917
762 941
763 186
763 368
763 541
763 561
763 592
764 40
764 53
764 116
764 199
764 283
764 308
764 406
764 417
764 508
764 610
764 691
764 732
764 768
765 101
765 157
765 217
765 356
765 361
765 401
765 524
765 606
765 696
765 805
765 833
765 953
765 972
765 988
766 47
766 176
766 262
766 347
766 399
766 423
766 489
766 500
766 926
767 163
767 241
767 285
767 341
767 345
767 373
767 387
767 429
767 435
767 460
767 698
767 776
767 802
767 894
768 35
768 205
768 251
768 321
768 322
768 397
768 568
768 580
768 658
768 696
768 716
768 761
768 842
768 881
769 4
769 291
769 416
769 475
769 497
769 565
769 841
769 862
770 91
770 101
770 105
770 214
770 423
770 636
770 656
770 680
770 787
771 124
771 151
771 307
771 323
771 352
771 476
771 481
771 634
771 772
771 789
771 963
771 979
772 87
772 210
772 258
772 292
772 437
772 448
772 572
772 658
772 695
772 778
773 421
773 489
773 526
773 535
773 544
773 684
773 794
773 795
773 889
773 966
773 981
774 336
774 409
774 473
774 792
774 886
775 29
775 30
775 176
775 214
775 271
775 293
775 429
775 567
775 612
775 723
775 884
776 95
776 293
776 359
776 404
776 427
776 499
776 652
776 758
777 317
777 320
777 388
777 548
777 824
777 920
778 88
778 169
778 225
778 283
778 432
778 434
778 491
778 658
778 698
778 790
778 858
778 859
778 951
779 8
779 64
779 162
779 185
779 230
779 274
779 365
779 490
779 726
779 729
780 151
780 196
780 254
780 544
780 648
780 831
780 854
780 913
780 921
781 36
781 122
781 225
781 457
781 462
781 517
781 649
781 675
781 743
781 764
781 812
781 826
782 221
782 313
782 434
782 499
782 547
782 632
782 772
782 809
782 821
783 22
783 187
783 364
783 376
783 514
783 657
783 968
783 985
784 68
784 115
784 135
784 138
784 198
784 377
784 381
784 606
784 644
784 936
785 122
785 127
785 133
785 179
785 233
785 343
785 733
785 755
785 784
785 879
785 889
785 998
786 5
786 442
786 622
786 785
787 82
787 100
787 734
787 829
787 861
787 883
787 980
788 110
788 167
788 168
788 218
788 236
788 438
788 481
788 562
788 593
788 653
788 704
788 723
788 824
789 135
789 299
789 315
789 385
789 618
789 727
789 766
789 892
789 894
789 935
790 33
790 256
790 388
790 489
790 616
790 697
790 710
790 866
790 904
790 992
791 0
791 42
791 43
791 620
791 861
791 891
791 916
791 970
791 992
791 993
792 82
792 125
792 139
792 218
792 259
792 366
792 493
793 47
793 234
793 257
793 281
793 329
793 346
793 477
793 489
793 522
793 637
793 643
794 121
794 322
794 355
794 556
794 579
794 655
794 697
794 814
794 902
794 938
795 395
795 488
795 634
795 738
795 798
795 808
795 818
795 945
795 978
796 94
796 214
796 351
796 372
796 437
796 788
796 791
796 816
796 946
797 51
797 81
797 102
797 190
797 216
797 323
797 621
797 791
797 852
797 938
797 972
798 30
798 41
798 275
798 279
798 293
798 394
798 416
798 423
798 474
798 842
798 847
798 918
799 10
799 232
799 294
799 479
799 480
799 550
799 791
799 824
799 900
800 234
800 293
800 350
800 387
800 498
800 505
800 586
800 648
800 653
800 933
801 16
801 60
801 145
801 163
801 196
801 480
801 486
801 562
801 602
801 668
801 815
801 844
801 931
801 948
802 53
802 282
802 328
802 386
802 447
802 648
802 803
802 909
803 39
803 74
803 134
803 139
803 207
803 288
803 385
803 449
803 451
803 508
803 684
803 866
803 888
804 641
804 817
804 952
805 52
805 288
805 407
805 481
805 546
805 582
805 729
805 889
805 929
805 976
806 289
806 349
806 364
806 665
806 672
806 689
806 691
806 877
806 889
806 913
807 2
807 21
807 34
807 235
807 319
807 335
807 586
807 611
807 850
807 856
807 866
807 904
807 963
808 108
808 149
808 207
808 558
808 916
808 918
809 3
809 38
809 137
809 277
809 357
809 413
809 692
809 823
809 906
810 186
810 304
810 348
810 385
810 386
810 506
810 615
810 697
810 744
810 757
810 799
810 802
810 827
810 871
810 945
810 996
811 107
811 152
811 183
811 397
811 410
811 579
811 628
811 651
811 659
811 714
811 780
811 885
812 3
812 47
812 56
812 133
812 196
812 287
812 335
812 357
812 646
812 778
812 889
812 942
813 42
813 386
813 442
813 492
813 555
813 558
813 894
813 974
814 242
814 276
814 317
814 330
814 535
814 680
814 766
814 803
814 920
815 42
815 47
815 167
815 271
815 427
815 591
815 619
815 632
815 770
815 830
815 952
816 202
816 295
816 331
816 366
816 475
816 538
816 545
816 739
816 884
817 26
817 104
817 246
817 409
817 436
817 543
817 578
817 626
817 844
817 944
818 22
818 103
818 145
818 150
818 271
818 311
818 368
818 475
818 929
819 0
819 148
819 332
819 370
819 581
819 714
819 751
819 831
819 861
819 894
819 909
820 33
820 69
820 82
820 198
820 280
820 306
820 350
820 547
820 852
820 863
820 953
821 232
821 263
821 264
821 347
821 389
821 408
821 477
821 708
821 748
821 895
821 928
821 971
822 84
822 408
822 673
822 756
822 804
822 921
823 41
823 156
823 162
823 236
823 246
823 260
823 308
823 332
823 465
823 588
823 947
823 965
824 44
824 69
824 133
824 230
824 523
824 530
824 922
825 50
825 70
825 72
825 128
825 189
825 215
825 223
825 283
825 374
825 513
825 907
825 940
825 946
826 125
826 199
826 258
826 266
826 274
826 323
826 387
826 403
826 496
826 537
826 538
826 726
826 731
826 732
826 840
826 876
826 896
826 967
827 24
827 125
827 246
827 273
827 298
827 556
827 572
827 598
827 637
828 68
828 193
828 268
828 322
828 330
828 427
828 487
828 579
828 626
828 963
828 993
829 50
829 219
829 251
829 276
829 395
829 486
829 535
829 816
829 864
830 4
830 185
830 292
830 395
830 453
830 455
830 471
830 480
830 562
830 573
830 664
830 955
831 186
831 288
831 394
831 411
831 477
831 488
831 519
831 537
831 612
831 658
831 782
831 995
832 154
832 410
832 425
832 501
832 736
832 935
832 959
833 14
833 25
833 26
833 69
833 201
833 229
833 237
833 379
833 426
833 605
833 613
833 616
833 687
833 709
833 758
833 914
834 14
834 146
834 333
834 352
834 573
834 830
834 851
834 955
835 0
835 16
835 70
835 196
835 397
835 426
835 525
835 526
835 537
835 713
835 987
836 5
836 251
836 466
836 475
836 496
836 499
836 604
836 845
837 109
837 224
837 283
837 289
837 311
837 347
837 437
837 443
837 592
837 668
838 41
838 79
838 91
838 201
838 262
838 316
838 368
838 408
838 461
838 739
838 899
839 36
839 99
839 285
839 341
839 428
839 618
839 727
839 748
839 816
839 855
839 860
839 891
839 892
839 971
839 973
839 976
839 992
840 91
840 133
840 192
840 194
840 265
840 364
840 377
840 413
840 600
840 648
840 888
840 895
841 42
841 276
841 301
841 323
841 599
841 887
841 906
841 914
841 987
842 157
842 290
842 404
842 616
842 698
842 719
842 772
842 785
842 835
842 888
842 973
843 101
843 181
843 278
843 371
843 622
843 684
843 701
843 766
843 837
843 858
843 912
843 969
844 183
844 242
844 514
844 616
844 871
844 912
845 228
845 243
845 244
845 321
845 334
845 460
845 483
845 589
845 598
845 657
845 770
845 824
845 845
846 221
846 477
846 501
846 575
846 670
846 724
846 731
846 784
846 901
846 946
846 990
847 114
847 365
847 560
847 600
847 652
847 686
847 893
847 995
848 207
848 358
848 480
848 617
848 644
848 804
848 866
848 900
849 24
849 95
849 123
849 127
849 189
849 240
849 407
849 512
849 536
849 660
849 725
849 802
849 849
849 885
850 216
850 488
850 665
850 817
850 819
850 866
850 933
850 994
851 123
851 126
851 138
851 219
851 249
851 286
851 358
851 381
851 427
851 452
851 469
851 593
851 857
851 941
851 976
852 216
852 274
852 346
852 421
852 424
852 710
852 726
852 795
852 858
853 37
853 234
853 472
853 549
853 796
853 812
853 850
853 940
854 143
854 411
854 515
854 778
854 814
854 819
854 916
854 983
855 148
855 190
855 242
855 297
855 744
855 752
855 821
855 841
855 999
856 158
856 224
856 603
856 672
856 804
856 875
856 876
856 987
857 63
857 301
857 320
857 343
857 506
857 548
857 550
857 585
857 589
857 595
857 678
857 728
857 752
857 759
858 24
858 73
858 84
858 126
858 158
858 272
858 659
858 742
858 791
858 793
859 57
859 122
859 123
859 384
859 525
859 951
860 42
860 84
860 447
860 481
860 499
860 560
860 698
860 776
860 814
861 145
861 243
861 357
861 401
861 599
861 817
862 90
862 319
862 333
862 460
862 498
862 640
862 662
862 770
862 773
863 81
863 113
863 343
863 479
863 500
863 657
863 721
863 892
863 953
863 954
864 93
864 100
864 176
864 223
864 248
864 315
864 644
864 657
864 680
864 761
864 781
865 23
865 44
865 92
865 186
865 200
865 429
865 474
865 494
865 914
865 984
865 989
866 175
866 344
866 524
866 582
866 608
866 869
866 985
867 111
867 513
867 583
867 686
867 740
867 955
867 962
868 102
868 153
868 319
868 323
868 492
868 704
868 768
868 987
869 407
869 435
869 582
869 674
869 684
869 716
869 729
869 782
869 954
870 34
870 54
870 156
870 233
870 330
870 439
870 549
870 566
870 637
870 790
871 11
871 93
871 143
871 204
871 220
871 266
871 308
871 365
871 484
871 534
871 540
871 620
871 837
871 954
872 97
872 124
872 151
872 197
872 210
872 584
872 629
872 635
872 925
873 129
873 148
873 181
873 309
873 418
873 631
873 799
873 859
873 970
873 978
874 0
874 152
874 174
874 208
874 223
874 562
874 684
874 825
874 861
874 931
874 956
875 52
875 154
875 271
875 318
875 593
875 637
875 666
875 795
875 890
875 914
876 157
876 161
876 213
876 262
876 279
876 283
876 300
876 354
876 469
876 562
876 572
876 911
876 953
876 997
877 71
877 105
877 205
877 209
877 269
877 315
877 318
877 321
877 328
877 378
877 494
877 683
877 728
877 824
877 846
878 82
878 111
878 114
878 188
878 325
878 450
878 492
878 760
878 789
879 33
879 142
879 194
879 369
879 431
879 473
879 537
879 549
879 625
879 946
879 948
880 150
880 222
880 231
880 370
880 373
880 531
880 546
880 721
880 778
880 913
881 149
881 230
881 294
881 358
881 549
881 550
881 561
881 586
881 910
882 47
882 96
882 119
882 187
882 214
882 443
882 516
882 519
882 699
882 773
882 897
882 915
883 48
883 55
883 170
883 225
883 253
883 333
883 557
883 643
883 723
883 909
883 943
883 973
883 984
884 40
884 54
884 93
884 231
884 287
884 361
884 522
884 566
884 587
884 635
884 723
884 861
884 986
885 19
885 220
885 223
885 254
885 553
885 556
885 662
885 781
885 831
885 897
886 92
886 105
886 226
886 378
886 528
886 560
886 573
886 587
886 615
886 668
886 741
886 759
886 914
886 933
886 986
887 241
887 261
887 310
887 321
887 446
887 453
887 533
887 627
887 736
887 754
887 756
887 901
887 912
888 25
888 32
888 62
888 195
888 246
888 254
888 375
888 445
888 544
888 602
888 729
888 784
888 817
888 859
888 910
889 425
889 453
889 537
889 632
889 777
889 847
890 135
890 159
890 173
890 545
890 939
890 976
891 7
891 54
891 60
891 188
891 427
891 525
891 551
891 610
891 642
891 742
891 759
891 923
892 97
892 210
892 354
892 387
892 534
892 581
892 589
892 599
892 765
892 874
892 910
892 919
893 70
893 397
893 469
893 734
893 911
893 957
893 994
894 282
894 433
894 455
894 459
894 515
894 811
894 869
894 981
895 38
895 42
895 384
895 684
895 723
895 779
895 849
895 926
895 931
896 26
896 91
896 304
896 445
896 590
896 695
896 732
896 743
896 963
896 982
896 998
897 149
897 457
897 502
897 647
897 731
897 732
897 734
897 972
897 991
898 12
898 25
898 247
898 376
898 449
898 464
898 580
898 621
898 720
898 751
898 780
898 865
898 972
899 45
899 127
899 155
899 253
899 467
899 499
899 545
899 580
899 595
899 749
899 982
900 317
900 327
900 567
900 621
900 701
900 721
900 739
900 793
900 864
900 923
900 946
900 974
901 52
901 109
901 152
901 154
901 160
901 184
901 201
901 229
901 497
901 519
901 715
901 866
901 890
901 968
902 160
902 194
902 215
902 539
902 575
902 745
902 801
902 831
902 880
902 961
903 21
903 22
903 332
903 363
903 495
903 527
903 584
903 791
903 857
904 9
904 105
904 174
904 246
904 255
904 268
904 278
904 286
904 291
904 368
904 440
904 555
904 560
904 569
904 648
905 73
905 114
905 137
905 316
905 433
905 504
905 544
905 920
905 930
906 34
906 76
906 111
906 191
906 299
906 395
906 429
906 520
906 535
906 831
906 862
906 877
906 946
906 950
907 13
907 50
907 122
907 219
907 225
907 427
907 455
907 507
907 548
907 848
907 850
907 892
907 994
908 49
908 87
908 114
908 200
908 371
908 403
908 561
908 656
908 685
908 758
908 826
908 885
908 990
909 337
909 365
909 414
909 584
909 605
910 17
910 173
910 250
910 395
910 471
910 663
910 763
910 817
910 832
910 866
911 64
911 213
911 263
911 425
911 482
911 656
911 944
911 991
912 57
912 199
912 221
912 816
912 905
912 971
913 212
913 246
913 282
913 296
913 356
913 424
913 600
913 950
913 981
914 12
914 122
914 220
914 378
914 644
914 729
914 812
915 26
915 204
915 368
915 402
915 407
915 454
915 487
915 539
915 554
915 585
915 671
915 692
915 739
915 755
915 984
915 994
916 110
916 144
916 172
916 179
916 264
916 272
916 313
916 353
916 363
916 445
916 480
916 559
916 626
916 790
917 32
917 208
917 220
917 231
917 324
917 337
917 353
917 377
917 527
917 561
917 709
917 751
918 32
918 184
918 312
918 347
918 401
918 422
918 431
918 457
918 559
918 600
918 634
918 694
918 780
919 3
919 76
919 96
919 140
919 397
919 495
919 550
919 728
919 759
919 762
919 786
919 854
919 911
919 951
919 953
920 232
920 374
920 385
920 779
920 820
921 184
921 228
921 310
921 314
921 317
921 427
921 614
921 868
921 992
922 52
922 79
922 130
922 228
922 327
922 411
922 431
922 457
922 489
922 544
922 858
922 917
922 950
922 961
922 979
922 984
923 93
923 137
923 275
923 313
923 345
923 396
923 410
923 412
923 567
923 580
923 621
923 673
923 722
923 811
923 935
924 134
924 168
924 285
924 408
924 433
924 469
924 572
924 702
924 729
924 751
924 817
925 122
925 377
925 643
925 807
925 820
925 959
926 12
926 153
926 218
926 411
926 596
926 657
926 665
926 966
926 967
927 67
927 308
927 419
927 569
927 640
927 738
927 813
927 833
927 836
927 969
928 137
928 183
928 281
928 301
928 517
928 556
928 590
928 680
928 840
928 849
928 884
928 953
928 954
928 957
929 194
929 283
929 383
929 498
929 598
929 653
929 673
929 783
929 861
930 6
930 187
930 213
930 344
930 378
930 390
930 570
930 585
930 626
930 681
930 698
930 769
930 830
930 858
930 935
931 186
931 339
931 369
931 429
931 457
931 713
931 749
931 918
932 3
932 118
932 295
932 433
932 453
932 657
932 686
932 765
932 834
932 950
933 92
933 124
933 138
933 492
933 519
933 535
933 553
933 635
933 720
933 760
933 841
933 858
933 927
933 939
934 15
934 108
934 139
934 177
934 414
934 497
934 507
934 580
934 588
934 709
934 779
934 811
934 911
934 967
934 994
935 81
935 144
935 338
935 358
935 362
935 363
935 377
935 439
935 488
935 805
935 908
935 993
936 42
936 171
936 177
936 326
936 455
936 478
936 722
936 725
936 831
936 834
937 99
937 169
937 184
937 390
937 431
937 517
937 551
937 736
937 801
937 854
938 57
938 416
938 723
938 857
938 880
938 987
939 85
939 324
939 607
939 650
939 671
939 752
939 830
939 877
940 278
940 373
940 528
940 540
940 548
940 679
940 767
940 776
940 819
940 835
941 216
941 344
941 661
941 663
941 716
941 789
941 858
942 34
942 36
942 164
942 177
942 186
942 314
942 320
942 357
942 727
942 729
942 814
942 987
943 62
943 69
943 91
943 286
943 435
943 448
943 483
943 534
943 557
943 790
943 796
943 800
943 839
943 878
943 894
944 19
944 84
944 139
944 248
944 269
944 385
944 620
944 680
944 776
944 781
944 821
945 63
945 326
945 430
945 432
945 577
945 744
945 758
945 908
945 932
945 977
946 1
946 99
946 128
946 148
946 421
946 447
946 487
946 527
946 543
946 594
946 732
946 841
946 870
946 906
946 923
946 978
947 219
947 434
947 470
947 691
947 695
947 728
947 734
947 825
947 858
947 915
948 82
948 214
948 479
948 629
948 698
948 700
949 323
949 432
949 683
949 841
949 907
950 302
950 392
950 506
950 573
950 583
950 652
950 688
950 736
950 795
950 796
950 879
950 916
950 951
951 49
951 121
951 167
951 216
951 267
951 353
951 426
951 463
951 655
951 816
951 822
951 894
951 980
952 28
952 44
952 144
952 156
952 203
952 236
952 530
952 570
952 594
952 634
952 809
952 841
952 921
953 33
953 43
953 191
953 303
953 518
953 606
953 712
953 737
953 800
954 151
954 273
954 607
954 677
954 712
955 99
955 149
955 164
955 276
955 308
955 333
955 396
955 437
955 446
955 731
955 782
955 923
955 941
955 943
955 956
956 420
956 451
956 468
956 513
956 753
956 783
956 852
956 861
956 898
956 930
957 225
957 478
957 586
957 686
957 728
957 746
957 967
958 27
958 236
958 293
958 353
958 380
958 413
958 433
958 701
958 881
958 901
959 224
959 479
959 738
959 811
959 842
959 867
960 281
960 369
960 443
960 451
960 480
960 506
960 718
960 793
960 863
960 888
960 921
960 927
960 936
960 977
960 989
961 2
961 236
961 353
961 465
961 476
961 584
961 640
961 676
961 704
961 712
961 780
961 842
961 979
961 986
962 123
962 230
962 365
962 611
962 650
962 679
962 721
962 747
962 759
962 768
962 819
963 106
963 323
963 369
963 394
963 540
963 553
963 614
963 640
963 840
963 909
963 935
963 956
963 997
964 133
964 251
964 609
964 689
965 31
965 69
965 214
965 248
965 287
965 292
965 414
965 465
965 554
965 562
965 732
965 737
965 851
965 903
966 120
966 348
966 507
966 585
966 692
967 54
967 60
967 71
967 156
967 179
967 301
967 340
967 469
967 647
967 793
967 890
968 11
968 73
968 228
968 287
968 331
968 374
968 375
968 432
968 586
968 806
968 882
969 132
969 339
969 423
969 491
969 600
969 616
969 638
969 698
970 85
970 122
970 220
970 318
970 323
970 427
970 429
970 435
970 579
970 650
970 816
970 978
971 67
971 105
971 423
971 614
971 717
971 735
971 975
971 996
972 73
972 89
972 281
972 377
972 391
972 580
972 617
972 686
972 693
972 838
972 870
973 214
973 328
973 373
973 615
973 635
973 890
973 944
974 66
974 67
974 263
974 270
974 292
974 480
974 493
974 595
974 636
974 682
974 724
974 731
974 850
974 942
974 997
975 120
975 213
975 306
975 335
975 354
975 546
975 548
975 553
975 589
976 5
976 149
976 223
976 290
976 387
976 449
976 642
976 668
976 706
976 718
976 777
977 79
977 112
977 279
977 734
977 754
977 755
977 975
978 43
978 168
978 178
978 221
978 450
978 457
978 472
978 873
979 139
979 487
979 581
979 639
979 652
979 808
979 827
979 831
980 193
980 410
980 623
980 627
980 727
980 775
980 799
980 845
980 961
981 57
981 143
981 319
981 354
981 513
981 568
981 716
981 773
981 840
981 847
982 180
982 181
982 219
982 260
982 302
982 327
982 474
982 482
982 601
982 648
982 766
982 853
982 946
983 129
983 133
983 134
983 189
983 263
983 267
983 308
983 476
983 549
983 634
983 645
983 756
983 793
983 799
983 914
983 947
983 984
984 253
984 621
984 916
984 974
985 270
985 296
985 331
985 358
985 382
985 390
985 417
985 630
985 762
985 831
985 840
985 977
985 990
986 124
986 175
986 222
986 479
986 651
986 682
986 835
987 56
987 89
987 128
987 149
987 348
987 358
987 423
987 524
987 718
988 24
988 134
988 148
988 229
988 303
988 481
988 539
988 652
988 659
989 62
989 63
989 105
989 147
989 164
989 337
989 379
989 422
989 839
990 58
990 59
990 111
990 133
990 331
990 345
990 363
990 526
990 564
990 609
990 803
990 829
990 879
991 260
991 302
991 367
991 423
991 452
991 542
991 608
991 611
991 871
991 897
992 10
992 56
992 57
992 311
992 370
992 393
992 420
992 425
992 465
992 534
992 636
992 742
992 773
993 123
993 460
993 534
993 759
993 791
993 819
993 895
993 938
993 950
994 2
994 36
994 80
994 230
994 273
994 362
994 387
994 396
994 495
994 670
994 793
994 865
995 211
995 305
995 528
995 657
995 698
995 826
995 856
995 891
995 975
996 218
996 338
996 402
996 406
996 476
996 515
996 699
996 808
996 868
996 883
996 903
996 921
996 990
997 3
997 152
997 193
997 313
997 557
997 613
997 865
998 103
998 156
998 317
998 325
998 429
998 467
998 632
998 780
998 808
998 860
998 977
999 76
999 132
999 217
999 566
999 595
999 713
999 967
