100 0 99
0 1 20
0 2 35
0 3 65
0 4 15
0 5 41
0 6 14
0 7 95
0 8 3
0 9 6
0 10 50
0 11 40
0 12 70
0 13 36
0 14 5
0 15 18
0 16 8
0 17 67
0 18 42
0 19 98
0 20 2
0 21 36
0 22 20
0 23 46
0 24 70
0 25 98
0 26 1
0 27 80
0 28 11
0 29 14
0 30 64
0 31 10
0 32 52
0 33 92
0 34 89
0 35 74
0 36 2
0 37 77
0 38 73
0 39 27
0 40 10
0 41 30
0 42 37
0 43 80
0 44 45
0 45 30
0 46 63
0 47 16
0 48 83
0 49 80
0 50 26
1 2 62
1 3 27
1 4 31
1 5 13
1 6 21
1 7 71
1 8 18
1 9 59
1 10 98
1 11 15
1 12 62
1 13 65
1 14 51
1 15 9
1 16 50
1 17 73
1 18 35
1 19 7
1 20 86
1 21 81
1 22 22
1 23 53
1 24 62
1 25 14
1 26 99
1 27 17
1 28 53
1 29 17
1 30 60
1 31 18
1 32 82
1 33 81
1 34 90
1 35 54
1 36 26
1 37 64
1 38 77
1 39 91
1 40 40
1 41 79
1 42 88
1 43 74
1 44 52
1 45 95
1 46 9
1 47 62
1 48 9
1 49 62
1 50 42
1 51 92
2 3 71
2 4 66
2 5 10
2 6 100
2 7 84
2 8 55
2 9 30
2 10 88
2 11 80
2 12 88
2 13 42
2 14 1
2 15 62
2 16 84
2 17 31
2 18 18
2 19 66
2 20 49
2 21 32
2 22 37
2 23 39
2 24 88
2 25 52
2 26 19
2 27 12
2 28 93
2 29 35
2 30 51
2 31 59
2 32 40
2 33 25
2 34 58
2 35 60
2 36 61
2 37 45
2 38 36
2 39 84
2 40 7
2 41 96
2 42 40
2 43 45
2 44 44
2 45 34
2 46 49
2 47 94
2 48 45
2 49 59
2 50 84
2 51 65
2 52 98
3 4 46
3 5 51
3 6 26
3 7 42
3 8 35
3 9 1
3 10 88
3 11 12
3 12 81
3 13 74
3 14 64
3 15 95
3 16 62
3 17 13
3 18 23
3 19 35
3 20 87
3 21 39
3 22 65
3 23 57
3 24 65
3 25 22
3 26 83
3 27 27
3 28 60
3 29 51
3 30 22
3 31 56
3 32 31
3 33 67
3 34 10
3 35 13
3 36 94
3 37 9
3 38 9
3 39 79
3 40 22
3 41 46
3 42 93
3 43 86
3 44 70
3 45 34
3 46 40
3 47 86
3 48 83
3 49 8
3 50 95
3 51 27
3 52 30
3 53 73
4 5 69
4 6 83
4 7 31
4 8 54
4 9 20
4 10 39
4 11 75
4 12 35
4 13 85
4 14 80
4 15 86
4 16 6
4 17 2
4 18 91
4 19 76
4 20 100
4 21 63
4 22 39
4 23 74
4 24 67
4 25 83
4 26 94
4 27 23
4 28 57
4 29 80
4 30 77
4 31 17
4 32 50
4 33 88
4 34 98
4 35 47
4 36 93
4 37 49
4 38 59
4 39 12
4 40 20
4 41 62
4 42 85
4 43 62
4 44 38
4 45 28
4 46 42
4 47 54
4 48 98
4 49 47
4 50 19
4 51 70
4 52 23
4 53 60
4 54 36
5 6 10
5 7 2
5 8 83
5 9 29
5 10 88
5 11 79
5 12 22
5 13 84
5 14 11
5 15 58
5 16 88
5 17 100
5 18 84
5 19 93
5 20 59
5 21 39
5 22 97
5 23 84
5 24 99
5 25 58
5 26 18
5 27 35
5 28 72
5 29 94
5 30 21
5 31 30
5 32 86
5 33 68
5 34 12
5 35 23
5 36 45
5 37 23
5 38 33
5 39 26
5 40 4
5 41 13
5 42 3
5 43 55
5 44 42
5 45 37
5 46 54
5 47 93
5 48 64
5 49 3
5 50 90
5 51 11
5 52 37
5 53 46
5 54 54
5 55 7
6 7 78
6 8 66
6 9 5
6 10 54
6 11 6
6 12 26
6 13 26
6 14 72
6 15 19
6 16 3
6 17 50
6 18 12
6 19 7
6 20 11
6 21 49
6 22 54
6 23 24
6 24 88
6 25 22
6 26 82
6 27 93
6 28 100
6 29 18
6 30 86
6 31 53
6 32 97
6 33 60
6 34 97
6 35 72
6 36 51
6 37 48
6 38 54
6 39 41
6 40 59
6 41 77
6 42 51
6 43 77
6 44 42
6 45 26
6 46 13
6 47 38
6 48 79
6 49 39
6 50 52
6 51 60
6 52 78
6 53 74
6 54 28
6 55 70
6 56 47
7 8 87
7 9 14
7 10 44
7 11 89
7 12 26
7 13 79
7 14 32
7 15 94
7 16 99
7 17 46
7 18 18
7 19 7
7 20 77
7 21 84
7 22 19
7 23 68
7 24 86
7 25 94
7 26 100
7 27 23
7 28 98
7 29 71
7 30 26
7 31 36
7 32 33
7 33 31
7 34 21
7 35 42
7 36 88
7 37 79
7 38 62
7 39 10
7 40 12
7 41 69
7 42 95
7 43 6
7 44 86
7 45 26
7 46 11
7 47 32
7 48 35
7 49 44
7 50 80
7 51 71
7 52 79
7 53 95
7 54 69
7 55 41
7 56 66
7 57 5
8 9 35
8 10 73
8 11 18
8 12 64
8 13 27
8 14 57
8 15 29
8 16 50
8 17 39
8 18 95
8 19 7
8 20 38
8 21 57
8 22 36
8 23 88
8 24 75
8 25 45
8 26 42
8 27 1
8 28 87
8 29 79
8 30 42
8 31 7
8 32 38
8 33 30
8 34 88
8 35 97
8 36 34
8 37 50
8 38 80
8 39 88
8 40 32
8 41 77
8 42 74
8 43 7
8 44 43
8 45 56
8 46 86
8 47 91
8 48 6
8 49 10
8 50 82
8 51 6
8 52 2
8 53 66
8 54 30
8 55 50
8 56 60
8 57 47
8 58 8
9 10 28
9 11 97
9 12 55
9 13 85
9 14 64
9 15 28
9 16 28
9 17 60
9 18 63
9 19 58
9 20 92
9 21 48
9 22 81
9 23 60
9 24 99
9 25 2
9 26 83
9 27 20
9 28 10
9 29 1
9 30 77
9 31 38
9 32 75
9 33 16
9 34 13
9 35 82
9 36 72
9 37 73
9 38 28
9 39 8
9 40 94
9 41 48
9 42 5
9 43 11
9 44 38
9 45 42
9 46 94
9 47 74
9 48 18
9 49 7
9 50 56
9 51 33
9 52 93
9 53 11
9 54 90
9 55 4
9 56 16
9 57 6
9 58 53
9 59 23
10 11 67
10 12 72
10 13 44
10 14 31
10 15 19
10 16 32
10 17 59
10 18 21
10 19 72
10 20 56
10 21 56
10 22 71
10 23 2
10 24 50
10 25 57
10 26 65
10 27 37
10 28 33
10 29 42
10 30 6
10 31 38
10 32 69
10 33 17
10 34 52
10 35 74
10 36 83
10 37 7
10 38 38
10 39 72
10 40 39
10 41 44
10 42 13
10 43 59
10 44 69
10 45 64
10 46 2
10 47 82
10 48 26
10 49 12
10 50 59
10 51 28
10 52 7
10 53 3
10 54 53
10 55 12
10 56 17
10 57 92
10 58 31
10 59 38
10 60 58
11 12 29
11 13 9
11 14 74
11 15 46
11 16 58
11 17 17
11 18 21
11 19 9
11 20 6
11 21 62
11 22 32
11 23 80
11 24 8
11 25 64
11 26 26
11 27 14
11 28 39
11 29 45
11 30 74
11 31 24
11 32 46
11 33 33
11 34 84
11 35 38
11 36 88
11 37 30
11 38 7
11 39 48
11 40 31
11 41 54
11 42 2
11 43 67
11 44 68
11 45 93
11 46 74
11 47 7
11 48 99
11 49 69
11 50 9
11 51 55
11 52 78
11 53 24
11 54 88
11 55 53
11 56 58
11 57 95
11 58 18
11 59 11
11 60 85
11 61 7
12 13 75
12 14 92
12 15 50
12 16 35
12 17 4
12 18 34
12 19 90
12 20 56
12 21 2
12 22 22
12 23 46
12 24 13
12 25 61
12 26 24
12 27 99
12 28 63
12 29 89
12 30 88
12 31 94
12 32 92
12 33 18
12 34 11
12 35 20
12 36 70
12 37 93
12 38 93
12 39 47
12 40 95
12 41 85
12 42 99
12 43 40
12 44 74
12 45 40
12 46 25
12 47 10
12 48 36
12 49 86
12 50 64
12 51 72
12 52 81
12 53 77
12 54 53
12 55 73
12 56 65
12 57 49
12 58 66
12 59 78
12 60 31
12 61 54
12 62 18
13 14 9
13 15 74
13 16 12
13 17 85
13 18 9
13 19 75
13 20 81
13 21 31
13 22 15
13 23 18
13 24 58
13 25 55
13 26 17
13 27 63
13 28 85
13 29 51
13 30 87
13 31 81
13 32 20
13 33 50
13 34 32
13 35 38
13 36 97
13 37 18
13 38 1
13 39 17
13 40 46
13 41 97
13 42 33
13 43 76
13 44 63
13 45 36
13 46 58
13 47 66
13 48 12
13 49 6
13 50 78
13 51 100
13 52 62
13 53 39
13 54 72
13 55 69
13 56 48
13 57 34
13 58 85
13 59 4
13 60 11
13 61 51
13 62 79
13 63 1
14 15 46
14 16 94
14 17 78
14 18 93
14 19 24
14 20 69
14 21 55
14 22 90
14 23 62
14 24 56
14 25 88
14 26 1
14 27 82
14 28 12
14 29 89
14 30 23
14 31 5
14 32 82
14 33 74
14 34 33
14 35 97
14 36 3
14 37 24
14 38 63
14 39 49
14 40 38
14 41 66
14 42 89
14 43 43
14 44 68
14 45 61
14 46 71
14 47 37
14 48 96
14 49 20
14 50 88
14 51 95
14 52 2
14 53 19
14 54 40
14 55 43
14 56 51
14 57 70
14 58 91
14 59 22
14 60 78
14 61 21
14 62 4
14 63 87
14 64 98
15 16 91
15 17 67
15 18 100
15 19 11
15 20 26
15 21 20
15 22 95
15 23 42
15 24 79
15 25 64
15 26 7
15 27 66
15 28 63
15 29 83
15 30 41
15 31 64
15 32 15
15 33 70
15 34 77
15 35 26
15 36 60
15 37 51
15 38 33
15 39 7
15 40 92
15 41 94
15 42 13
15 43 1
15 44 24
15 45 76
15 46 56
15 47 23
15 48 64
15 49 35
15 50 50
15 51 84
15 52 49
15 53 45
15 54 65
15 55 14
15 56 20
15 57 32
15 58 17
15 59 30
15 60 54
15 61 51
15 62 18
15 63 12
15 64 63
15 65 52
16 17 55
16 18 71
16 19 90
16 20 89
16 21 99
16 22 3
16 23 18
16 24 65
16 25 32
16 26 94
16 27 44
16 28 34
16 29 97
16 30 3
16 31 94
16 32 93
16 33 48
16 34 33
16 35 51
16 36 28
16 37 84
16 38 87
16 39 68
16 40 75
16 41 57
16 42 29
16 43 8
16 44 80
16 45 3
16 46 34
16 47 98
16 48 36
16 49 69
16 50 3
16 51 84
16 52 73
16 53 79
16 54 99
16 55 47
16 56 100
16 57 65
16 58 20
16 59 88
16 60 81
16 61 85
16 62 97
16 63 74
16 64 49
16 65 32
16 66 8
17 18 11
17 19 24
17 20 83
17 21 21
17 22 18
17 23 10
17 24 32
17 25 80
17 26 85
17 27 8
17 28 10
17 29 35
17 30 78
17 31 40
17 32 82
17 33 56
17 34 79
17 35 6
17 36 34
17 37 90
17 38 25
17 39 94
17 40 75
17 41 89
17 42 47
17 43 81
17 44 2
17 45 12
17 46 29
17 47 68
17 48 31
17 49 30
17 50 85
17 51 69
17 52 66
17 53 42
17 54 98
17 55 54
17 56 17
17 57 82
17 58 84
17 59 81
17 60 72
17 61 3
17 62 26
17 63 69
17 64 58
17 65 9
17 66 64
17 67 82
18 19 9
18 20 64
18 21 29
18 22 73
18 23 18
18 24 60
18 25 24
18 26 54
18 27 49
18 28 97
18 29 85
18 30 16
18 31 29
18 32 54
18 33 12
18 34 90
18 35 62
18 36 77
18 37 49
18 38 36
18 39 58
18 40 74
18 41 41
18 42 49
18 43 17
18 44 83
18 45 26
18 46 89
18 47 27
18 48 37
18 49 24
18 50 35
18 51 13
18 52 83
18 53 55
18 54 46
18 55 38
18 56 45
18 57 92
18 58 81
18 59 51
18 60 13
18 61 94
18 62 22
18 63 7
18 64 67
18 65 69
18 66 81
18 67 24
18 68 63
19 20 96
19 21 53
19 22 83
19 23 55
19 24 95
19 25 41
19 26 46
19 27 61
19 28 26
19 29 23
19 30 58
19 31 62
19 32 24
19 33 19
19 34 59
19 35 16
19 36 82
19 37 63
19 38 17
19 39 72
19 40 91
19 41 26
19 42 25
19 43 22
19 44 75
19 45 45
19 46 7
19 47 86
19 48 80
19 49 63
19 50 85
19 51 39
19 52 9
19 53 29
19 54 96
19 55 11
19 56 64
19 57 35
19 58 84
19 59 71
19 60 22
19 61 2
19 62 28
19 63 17
19 64 83
19 65 75
19 66 40
19 67 18
19 68 95
19 69 98
20 21 57
20 22 40
20 23 29
20 24 75
20 25 3
20 26 23
20 27 36
20 28 82
20 29 90
20 30 76
20 31 26
20 32 18
20 33 53
20 34 54
20 35 32
20 36 99
20 37 5
20 38 28
20 39 4
20 40 28
20 41 15
20 42 66
20 43 1
20 44 5
20 45 98
20 46 31
20 47 29
20 48 16
20 49 43
20 50 95
20 51 86
20 52 34
20 53 49
20 54 11
20 55 49
20 56 18
20 57 93
20 58 71
20 59 71
20 60 93
20 61 30
20 62 36
20 63 94
20 64 45
20 65 72
20 66 61
20 67 40
20 68 13
20 69 44
20 70 1
21 22 52
21 23 96
21 24 34
21 25 59
21 26 1
21 27 93
21 28 47
21 29 19
21 30 66
21 31 2
21 32 23
21 33 22
21 34 20
21 35 81
21 36 10
21 37 9
21 38 55
21 39 100
21 40 89
21 41 14
21 42 81
21 43 27
21 44 38
21 45 36
21 46 92
21 47 82
21 48 86
21 49 61
21 50 48
21 51 9
21 52 14
21 53 64
21 54 39
21 55 58
21 56 6
21 57 46
21 58 45
21 59 89
21 60 20
21 61 100
21 62 34
21 63 40
21 64 77
21 65 96
21 66 63
21 67 38
21 68 16
21 69 58
21 70 51
21 71 97
22 23 14
22 24 34
22 25 25
22 26 9
22 27 6
22 28 80
22 29 33
22 30 43
22 31 66
22 32 52
22 33 31
22 34 42
22 35 61
22 36 19
22 37 64
22 38 35
22 39 36
22 40 44
22 41 68
22 42 100
22 43 98
22 44 25
22 45 27
22 46 85
22 47 35
22 48 37
22 49 59
22 50 23
22 51 97
22 52 1
22 53 78
22 54 53
22 55 44
22 56 49
22 57 92
22 58 29
22 59 54
22 60 81
22 61 12
22 62 60
22 63 81
22 64 45
22 65 14
22 66 60
22 67 28
22 68 2
22 69 63
22 70 28
22 71 76
22 72 20
23 24 52
23 25 61
23 26 30
23 27 83
23 28 98
23 29 87
23 30 59
23 31 63
23 32 61
23 33 81
23 34 32
23 35 2
23 36 84
23 37 34
23 38 74
23 39 71
23 40 77
23 41 100
23 42 22
23 43 58
23 44 75
23 45 31
23 46 53
23 47 29
23 48 56
23 49 15
23 50 7
23 51 43
23 52 5
23 53 16
23 54 31
23 55 45
23 56 95
23 57 60
23 58 28
23 59 28
23 60 9
23 61 83
23 62 26
23 63 95
23 64 4
23 65 81
23 66 5
23 67 4
23 68 33
23 69 39
23 70 27
23 71 9
23 72 77
23 73 41
24 25 74
24 26 24
24 27 41
24 28 55
24 29 70
24 30 62
24 31 33
24 32 20
24 33 50
24 34 93
24 35 24
24 36 19
24 37 31
24 38 32
24 39 33
24 40 73
24 41 65
24 42 43
24 43 86
24 44 98
24 45 5
24 46 90
24 47 57
24 48 35
24 49 99
24 50 61
24 51 29
24 52 68
24 53 90
24 54 34
24 55 5
24 56 95
24 57 94
24 58 80
24 59 79
24 60 31
24 61 97
24 62 79
24 63 98
24 64 31
24 65 52
24 66 11
24 67 97
24 68 89
24 69 6
24 70 9
24 71 53
24 72 87
24 73 29
24 74 92
25 26 60
25 27 50
25 28 41
25 29 73
25 30 23
25 31 36
25 32 19
25 33 83
25 34 16
25 35 37
25 36 39
25 37 46
25 38 79
25 39 39
25 40 75
25 41 53
25 42 81
25 43 21
25 44 38
25 45 41
25 46 35
25 47 59
25 48 18
25 49 76
25 50 46
25 51 54
25 52 31
25 53 48
25 54 35
25 55 6
25 56 93
25 57 62
25 58 8
25 59 1
25 60 44
25 61 4
25 62 88
25 63 66
25 64 93
25 65 83
25 66 63
25 67 100
25 68 30
25 69 51
25 70 100
25 71 72
25 72 59
25 73 94
25 74 56
25 75 33
26 27 56
26 28 96
26 29 96
26 30 95
26 31 81
26 32 85
26 33 44
26 34 98
26 35 52
26 36 82
26 37 75
26 38 95
26 39 33
26 40 52
26 41 100
26 42 44
26 43 6
26 44 59
26 45 77
26 46 38
26 47 85
26 48 18
26 49 22
26 50 54
26 51 47
26 52 58
26 53 87
26 54 58
26 55 3
26 56 37
26 57 82
26 58 14
26 59 59
26 60 81
26 61 14
26 62 24
26 63 92
26 64 26
26 65 80
26 66 85
26 67 82
26 68 30
26 69 73
26 70 97
26 71 37
26 72 50
26 73 18
26 74 54
26 75 43
26 76 2
27 28 35
27 29 34
27 30 94
27 31 25
27 32 100
27 33 17
27 34 67
27 35 72
27 36 61
27 37 27
27 38 28
27 39 82
27 40 14
27 41 35
27 42 37
27 43 32
27 44 63
27 45 6
27 46 88
27 47 50
27 48 22
27 49 14
27 50 29
27 51 12
27 52 89
27 53 86
27 54 83
27 55 69
27 56 91
27 57 94
27 58 41
27 59 37
27 60 55
27 61 71
27 62 93
27 63 83
27 64 55
27 65 28
27 66 42
27 67 22
27 68 92
27 69 69
27 70 51
27 71 13
27 72 87
27 73 71
27 74 90
27 75 62
27 76 31
27 77 87
28 29 24
28 30 44
28 31 44
28 32 11
28 33 63
28 34 76
28 35 47
28 36 40
28 37 14
28 38 66
28 39 51
28 40 6
28 41 96
28 42 69
28 43 80
28 44 19
28 45 39
28 46 11
28 47 49
28 48 21
28 49 90
28 50 29
28 51 57
28 52 49
28 53 7
28 54 29
28 55 26
28 56 14
28 57 82
28 58 67
28 59 45
28 60 5
28 61 40
28 62 29
28 63 60
28 64 14
28 65 58
28 66 51
28 67 93
28 68 36
28 69 23
28 70 73
28 71 42
28 72 68
28 73 4
28 74 46
28 75 44
28 76 7
28 77 43
28 78 14
29 30 21
29 31 5
29 32 97
29 33 82
29 34 97
29 35 98
29 36 64
29 37 83
29 38 70
29 39 84
29 40 52
29 41 42
29 42 69
29 43 33
29 44 45
29 45 40
29 46 70
29 47 14
29 48 80
29 49 91
29 50 8
29 51 92
29 52 34
29 53 81
29 54 19
29 55 58
29 56 86
29 57 17
29 58 84
29 59 2
29 60 46
29 61 93
29 62 34
29 63 71
29 64 78
29 65 41
29 66 48
29 67 35
29 68 7
29 69 81
29 70 30
29 71 98
29 72 25
29 73 70
29 74 88
29 75 87
29 76 7
29 77 49
29 78 36
29 79 86
30 31 78
30 32 87
30 33 32
30 34 21
30 35 77
30 36 99
30 37 18
30 38 38
30 39 63
30 40 4
30 41 92
30 42 50
30 43 100
30 44 54
30 45 64
30 46 65
30 47 85
30 48 32
30 49 27
30 50 59
30 51 92
30 52 53
30 53 90
30 54 82
30 55 70
30 56 31
30 57 13
30 58 15
30 59 21
30 60 22
30 61 98
30 62 49
30 63 84
30 64 30
30 65 85
30 66 42
30 67 19
30 68 42
30 69 16
30 70 41
30 71 96
30 72 69
30 73 42
30 74 63
30 75 35
30 76 82
30 77 48
30 78 36
30 79 73
30 80 55
31 32 83
31 33 69
31 34 36
31 35 36
31 36 16
31 37 24
31 38 30
31 39 26
31 40 12
31 41 69
31 42 39
31 43 80
31 44 13
31 45 17
31 46 72
31 47 42
31 48 55
31 49 39
31 50 85
31 51 71
31 52 25
31 53 67
31 54 74
31 55 61
31 56 26
31 57 76
31 58 77
31 59 17
31 60 23
31 61 3
31 62 44
31 63 87
31 64 21
31 65 85
31 66 62
31 67 27
31 68 35
31 69 67
31 70 46
31 71 76
31 72 97
31 73 42
31 74 76
31 75 8
31 76 23
31 77 67
31 78 61
31 79 83
31 80 21
31 81 68
32 33 52
32 34 1
32 35 53
32 36 5
32 37 28
32 38 98
32 39 50
32 40 82
32 41 50
32 42 92
32 43 60
32 44 54
32 45 41
32 46 99
32 47 100
32 48 38
32 49 87
32 50 27
32 51 20
32 52 7
32 53 52
32 54 55
32 55 5
32 56 70
32 57 60
32 58 61
32 59 87
32 60 34
32 61 98
32 62 24
32 63 96
32 64 16
32 65 38
32 66 69
32 67 7
32 68 69
32 69 32
32 70 62
32 71 28
32 72 80
32 73 92
32 74 9
32 75 1
32 76 27
32 77 58
32 78 69
32 79 5
32 80 56
32 81 67
32 82 41
33 34 61
33 35 33
33 36 38
33 37 4
33 38 93
33 39 34
33 40 99
33 41 36
33 42 44
33 43 5
33 44 60
33 45 93
33 46 9
33 47 74
33 48 99
33 49 3
33 50 40
33 51 4
33 52 14
33 53 24
33 54 58
33 55 22
33 56 94
33 57 94
33 58 49
33 59 19
33 60 76
33 61 59
33 62 15
33 63 9
33 64 15
33 65 60
33 66 98
33 67 2
33 68 87
33 69 76
33 70 26
33 71 10
33 72 84
33 73 63
33 74 71
33 75 38
33 76 53
33 77 61
33 78 72
33 79 55
33 80 56
33 81 66
33 82 44
33 83 100
34 35 55
34 36 86
34 37 30
34 38 27
34 39 51
34 40 3
34 41 82
34 42 25
34 43 47
34 44 94
34 45 45
34 46 25
34 47 14
34 48 64
34 49 94
34 50 72
34 51 81
34 52 46
34 53 98
34 54 40
34 55 63
34 56 66
34 57 78
34 58 47
34 59 26
34 60 99
34 61 87
34 62 47
34 63 91
34 64 25
34 65 44
34 66 71
34 67 21
34 68 13
34 69 70
34 70 70
34 71 44
34 72 70
34 73 97
34 74 60
34 75 23
34 76 7
34 77 96
34 78 95
34 79 19
34 80 38
34 81 71
34 82 76
34 83 66
34 84 31
35 36 59
35 37 1
35 38 99
35 39 72
35 40 74
35 41 69
35 42 11
35 43 40
35 44 8
35 45 86
35 46 60
35 47 40
35 48 41
35 49 9
35 50 99
35 51 39
35 52 52
35 53 55
35 54 69
35 55 48
35 56 34
35 57 16
35 58 62
35 59 73
35 60 6
35 61 37
35 62 81
35 63 58
35 64 98
35 65 58
35 66 83
35 67 7
35 68 23
35 69 21
35 70 29
35 71 13
35 72 47
35 73 75
35 74 28
35 75 72
35 76 19
35 77 26
35 78 61
35 79 83
35 80 89
35 81 65
35 82 67
35 83 75
35 84 46
35 85 12
36 37 76
36 38 67
36 39 8
36 40 47
36 41 85
36 42 50
36 43 5
36 44 17
36 45 52
36 46 54
36 47 56
36 48 97
36 49 80
36 50 7
36 51 9
36 52 51
36 53 64
36 54 42
36 55 84
36 56 19
36 57 76
36 58 65
36 59 35
36 60 12
36 61 6
36 62 37
36 63 21
36 64 86
36 65 65
36 66 22
36 67 11
36 68 21
36 69 30
36 70 52
36 71 88
36 72 48
36 73 58
36 74 56
36 75 15
36 76 32
36 77 2
36 78 100
36 79 31
36 80 76
36 81 78
36 82 85
36 83 92
36 84 51
36 85 95
36 86 39
37 38 22
37 39 49
37 40 81
37 41 68
37 42 1
37 43 32
37 44 71
37 45 82
37 46 38
37 47 89
37 48 64
37 49 91
37 50 69
37 51 91
37 52 52
37 53 53
37 54 37
37 55 3
37 56 57
37 57 85
37 58 58
37 59 20
37 60 34
37 61 86
37 62 81
37 63 91
37 64 96
37 65 7
37 66 44
37 67 72
37 68 39
37 69 88
37 70 30
37 71 9
37 72 18
37 73 3
37 74 97
37 75 81
37 76 66
37 77 17
37 78 72
37 79 59
37 80 9
37 81 25
37 82 54
37 83 14
37 84 85
37 85 76
37 86 88
37 87 68
38 39 65
38 40 92
38 41 48
38 42 54
38 43 35
38 44 97
38 45 94
38 46 54
38 47 33
38 48 38
38 49 7
38 50 46
38 51 61
38 52 59
38 53 11
38 54 91
38 55 83
38 56 6
38 57 25
38 58 25
38 59 56
38 60 59
38 61 62
38 62 30
38 63 75
38 64 55
38 65 49
38 66 72
38 67 2
38 68 21
38 69 56
38 70 36
38 71 35
38 72 9
38 73 45
38 74 18
38 75 66
38 76 79
38 77 35
38 78 29
38 79 2
38 80 91
38 81 42
38 82 71
38 83 96
38 84 29
38 85 89
38 86 26
38 87 83
38 88 71
39 40 49
39 41 8
39 42 98
39 43 42
39 44 81
39 45 92
39 46 56
39 47 51
39 48 25
39 49 17
39 50 66
39 51 95
39 52 35
39 53 9
39 54 9
39 55 57
39 56 50
39 57 96
39 58 68
39 59 39
39 60 96
39 61 81
39 62 39
39 63 79
39 64 90
39 65 43
39 66 91
39 67 67
39 68 5
39 69 22
39 70 81
39 71 30
39 72 2
39 73 21
39 74 69
39 75 60
39 76 30
39 77 47
39 78 9
39 79 12
39 80 79
39 81 32
39 82 31
39 83 82
39 84 28
39 85 49
39 86 87
39 87 74
39 88 68
39 89 76
40 41 21
40 42 93
40 43 38
40 44 2
40 45 80
40 46 34
40 47 89
40 48 39
40 49 78
40 50 87
40 51 2
40 52 28
40 53 13
40 54 86
40 55 85
40 56 57
40 57 70
40 58 3
40 59 56
40 60 68
40 61 58
40 62 18
40 63 91
40 64 70
40 65 55
40 66 54
40 67 59
40 68 67
40 69 28
40 70 59
40 71 73
40 72 49
40 73 30
40 74 54
40 75 12
40 76 78
40 77 45
40 78 28
40 79 37
40 80 75
40 81 13
40 82 72
40 83 50
40 84 30
40 85 42
40 86 36
40 87 27
40 88 33
40 89 34
40 90 49
41 42 42
41 43 93
41 44 67
41 45 89
41 46 99
41 47 65
41 48 17
41 49 70
41 50 71
41 51 68
41 52 44
41 53 37
41 54 17
41 55 17
41 56 68
41 57 49
41 58 77
41 59 69
41 60 84
41 61 46
41 62 26
41 63 89
41 64 68
41 65 27
41 66 54
41 67 2
41 68 95
41 69 17
41 70 64
41 71 4
41 72 37
41 73 69
41 74 48
41 75 81
41 76 34
41 77 61
41 78 81
41 79 90
41 80 99
41 81 29
41 82 21
41 83 53
41 84 84
41 85 6
41 86 33
41 87 32
41 88 94
41 89 64
41 90 37
41 91 86
42 43 70
42 44 29
42 45 56
42 46 58
42 47 72
42 48 52
42 49 30
42 50 29
42 51 38
42 52 26
42 53 25
42 54 1
42 55 83
42 56 94
42 57 41
42 58 28
42 59 88
42 60 23
42 61 6
42 62 100
42 63 82
42 64 62
42 65 32
42 66 2
42 67 89
42 68 80
42 69 41
42 70 59
42 71 73
42 72 9
42 73 48
42 74 20
42 75 84
42 76 71
42 77 85
42 78 77
42 79 36
42 80 10
42 81 16
42 82 78
42 83 9
42 84 77
42 85 86
42 86 10
42 87 94
42 88 24
42 89 59
42 90 6
42 91 35
42 92 71
43 44 78
43 45 46
43 46 59
43 47 23
43 48 47
43 49 61
43 50 29
43 51 59
43 52 96
43 53 88
43 54 41
43 55 54
43 56 31
43 57 89
43 58 18
43 59 100
43 60 9
43 61 30
43 62 92
43 63 100
43 64 68
43 65 42
43 66 89
43 67 65
43 68 45
43 69 50
43 70 6
43 71 19
43 72 8
43 73 94
43 74 27
43 75 2
43 76 49
43 77 34
43 78 88
43 79 22
43 80 47
43 81 9
43 82 10
43 83 64
43 84 87
43 85 95
43 86 72
43 87 20
43 88 9
43 89 9
43 90 44
43 91 64
43 92 86
43 93 82
44 45 71
44 46 57
44 47 35
44 48 95
44 49 84
44 50 60
44 51 9
44 52 93
44 53 50
44 54 26
44 55 84
44 56 23
44 57 9
44 58 73
44 59 87
44 60 82
44 61 3
44 62 70
44 63 38
44 64 65
44 65 72
44 66 26
44 67 61
44 68 67
44 69 75
44 70 43
44 71 55
44 72 89
44 73 87
44 74 16
44 75 58
44 76 39
44 77 33
44 78 71
44 79 79
44 80 27
44 81 49
44 82 84
44 83 56
44 84 97
44 85 100
44 86 8
44 87 98
44 88 5
44 89 55
44 90 71
44 91 88
44 92 26
44 93 78
44 94 6
45 46 3
45 47 57
45 48 36
45 49 27
45 50 59
45 51 92
45 52 69
45 53 67
45 54 93
45 55 15
45 56 97
45 57 7
45 58 45
45 59 78
45 60 3
45 61 76
45 62 90
45 63 17
45 64 31
45 65 29
45 66 94
45 67 49
45 68 10
45 69 81
45 70 89
45 71 91
45 72 21
45 73 42
45 74 18
45 75 89
45 76 32
45 77 48
45 78 37
45 79 1
45 80 1
45 81 63
45 82 60
45 83 88
45 84 6
45 85 34
45 86 19
45 87 68
45 88 93
45 89 52
45 90 55
45 91 85
45 92 31
45 93 97
45 94 62
45 95 30
46 47 59
46 48 55
46 49 93
46 50 46
46 51 46
46 52 72
46 53 51
46 54 71
46 55 16
46 56 67
46 57 8
46 58 55
46 59 18
46 60 15
46 61 1
46 62 3
46 63 61
46 64 66
46 65 30
46 66 54
46 67 79
46 68 26
46 69 23
46 70 62
46 71 28
46 72 33
46 73 73
46 74 49
46 75 24
46 76 51
46 77 42
46 78 96
46 79 71
46 80 55
46 81 70
46 82 49
46 83 51
46 84 42
46 85 8
46 86 60
46 87 18
46 88 100
46 89 82
46 90 90
46 91 67
46 92 22
46 93 38
46 94 34
46 95 24
46 96 20
47 48 63
47 49 41
47 50 19
47 51 68
47 52 19
47 53 88
47 54 35
47 55 63
47 56 1
47 57 17
47 58 47
47 59 70
47 60 73
47 61 10
47 62 38
47 63 26
47 64 19
47 65 85
47 66 15
47 67 32
47 68 40
47 69 85
47 70 65
47 71 12
47 72 34
47 73 22
47 74 48
47 75 17
47 76 32
47 77 69
47 78 100
47 79 56
47 80 88
47 81 35
47 82 54
47 83 36
47 84 78
47 85 19
47 86 28
47 87 38
47 88 13
47 89 74
47 90 87
47 91 52
47 92 53
47 93 49
47 94 41
47 95 87
47 96 59
47 97 65
48 49 8
48 50 26
48 51 91
48 52 86
48 53 49
48 54 63
48 55 35
48 56 76
48 57 7
48 58 92
48 59 74
48 60 38
48 61 67
48 62 8
48 63 32
48 64 13
48 65 86
48 66 42
48 67 50
48 68 59
48 69 99
48 70 82
48 71 94
48 72 19
48 73 50
48 74 55
48 75 9
48 76 43
48 77 17
48 78 57
48 79 25
48 80 77
48 81 21
48 82 65
48 83 12
48 84 33
48 85 44
48 86 32
48 87 89
48 88 62
48 89 85
48 90 24
48 91 47
48 92 79
48 93 40
48 94 11
48 95 36
48 96 73
48 97 71
48 98 58
49 50 6
49 51 90
49 52 55
49 53 14
49 54 100
49 55 85
49 56 84
49 57 42
49 58 90
49 59 96
49 60 46
49 61 80
49 62 68
49 63 60
49 64 30
49 65 44
49 66 90
49 67 97
49 68 83
49 69 21
49 70 14
49 71 32
49 72 20
49 73 54
49 74 13
49 75 58
49 76 99
49 77 47
49 78 69
49 79 91
49 80 98
49 81 68
49 82 73
49 83 71
49 84 2
49 85 24
49 86 45
49 87 92
49 88 88
49 89 5
49 90 49
49 91 89
49 92 38
49 93 1
49 94 14
49 95 78
49 96 47
49 97 4
49 98 29
49 99 80
50 51 96
50 52 31
50 53 75
50 54 62
50 55 72
50 56 23
50 57 86
50 58 17
50 59 46
50 60 99
50 61 2
50 62 26
50 63 92
50 64 98
50 65 8
50 66 67
50 67 23
50 68 25
50 69 98
50 70 9
50 71 51
50 72 41
50 73 84
50 74 38
50 75 97
50 76 90
50 77 69
50 78 59
50 79 25
50 80 96
50 81 23
50 82 95
50 83 28
50 84 64
50 85 36
50 86 78
50 87 90
50 88 87
50 89 68
50 90 64
50 91 36
50 92 55
50 93 14
50 94 10
50 95 56
50 96 13
50 97 95
50 98 17
50 99 30
51 52 43
51 53 43
51 54 14
51 55 1
51 56 18
51 57 38
51 58 66
51 59 17
51 60 73
51 61 89
51 62 99
51 63 71
51 64 69
51 65 23
51 66 73
51 67 96
51 68 91
51 69 37
51 70 55
51 71 63
51 72 77
51 73 91
51 74 48
51 75 42
51 76 83
51 77 27
51 78 70
51 79 21
51 80 16
51 81 81
51 82 65
51 83 79
51 84 91
51 85 12
51 86 3
51 87 3
51 88 16
51 89 7
51 90 4
51 91 80
51 92 82
51 93 2
51 94 89
51 95 1
51 96 100
51 97 27
51 98 62
51 99 3
52 53 68
52 54 56
52 55 13
52 56 52
52 57 6
52 58 76
52 59 8
52 60 21
52 61 84
52 62 92
52 63 60
52 64 38
52 65 30
52 66 79
52 67 62
52 68 29
52 69 45
52 70 13
52 71 38
52 72 93
52 73 89
52 74 67
52 75 40
52 76 48
52 77 4
52 78 6
52 79 7
52 80 77
52 81 55
52 82 63
52 83 21
52 84 80
52 85 68
52 86 23
52 87 11
52 88 30
52 89 86
52 90 52
52 91 74
52 92 100
52 93 46
52 94 81
52 95 2
52 96 93
52 97 2
52 98 68
52 99 56
53 54 97
53 55 56
53 56 28
53 57 16
53 58 37
53 59 90
53 60 18
53 61 44
53 62 11
53 63 53
53 64 82
53 65 19
53 66 56
53 67 61
53 68 100
53 69 22
53 70 86
53 71 32
53 72 78
53 73 100
53 74 75
53 75 88
53 76 89
53 77 27
53 78 99
53 79 56
53 80 24
53 81 98
53 82 56
53 83 20
53 84 37
53 85 21
53 86 77
53 87 56
53 88 64
53 89 85
53 90 62
53 91 81
53 92 79
53 93 97
53 94 11
53 95 58
53 96 48
53 97 33
53 98 100
53 99 67
54 55 73
54 56 40
54 57 19
54 58 79
54 59 44
54 60 60
54 61 34
54 62 76
54 63 25
54 64 10
54 65 12
54 66 99
54 67 66
54 68 56
54 69 7
54 70 17
54 71 77
54 72 43
54 73 90
54 74 75
54 75 18
54 76 75
54 77 1
54 78 22
54 79 12
54 80 71
54 81 94
54 82 6
54 83 62
54 84 37
54 85 74
54 86 82
54 87 2
54 88 75
54 89 17
54 90 61
54 91 1
54 92 39
54 93 19
54 94 40
54 95 90
54 96 19
54 97 25
54 98 6
54 99 65
55 56 19
55 57 58
55 58 71
55 59 26
55 60 79
55 61 94
55 62 11
55 63 57
55 64 12
55 65 71
55 66 2
55 67 49
55 68 13
55 69 6
55 70 12
55 71 47
55 72 89
55 73 63
55 74 40
55 75 16
55 76 88
55 77 71
55 78 7
55 79 32
55 80 84
55 81 47
55 82 13
55 83 92
55 84 50
55 85 44
55 86 49
55 87 49
55 88 61
55 89 18
55 90 5
55 91 53
55 92 69
55 93 67
55 94 70
55 95 85
55 96 77
55 97 42
55 98 97
55 99 25
56 57 22
56 58 17
56 59 49
56 60 93
56 61 4
56 62 6
56 63 57
56 64 36
56 65 41
56 66 72
56 67 62
56 68 13
56 69 34
56 70 66
56 71 25
56 72 33
56 73 89
56 74 15
56 75 98
56 76 95
56 77 4
56 78 95
56 79 66
56 80 11
56 81 87
56 82 46
56 83 34
56 84 90
56 85 69
56 86 25
56 87 6
56 88 69
56 89 74
56 90 39
56 91 48
56 92 74
56 93 14
56 94 7
56 95 51
56 96 40
56 97 52
56 98 3
56 99 23
57 58 3
57 59 71
57 60 35
57 61 77
57 62 54
57 63 93
57 64 2
57 65 34
57 66 30
57 67 62
57 68 74
57 69 78
57 70 47
57 71 7
57 72 78
57 73 19
57 74 87
57 75 30
57 76 35
57 77 36
57 78 17
57 79 92
57 80 61
57 81 27
57 82 52
57 83 4
57 84 61
57 85 31
57 86 39
57 87 62
57 88 77
57 89 2
57 90 100
57 91 40
57 92 46
57 93 73
57 94 37
57 95 49
57 96 90
57 97 46
57 98 10
57 99 37
58 59 56
58 60 29
58 61 87
58 62 47
58 63 89
58 64 85
58 65 94
58 66 2
58 67 98
58 68 51
58 69 31
58 70 27
58 71 97
58 72 10
58 73 44
58 74 50
58 75 86
58 76 64
58 77 34
58 78 72
58 79 52
58 80 3
58 81 62
58 82 63
58 83 33
58 84 12
58 85 95
58 86 75
58 87 30
58 88 21
58 89 78
58 90 38
58 91 11
58 92 76
58 93 10
58 94 18
58 95 16
58 96 54
58 97 17
58 98 77
58 99 74
59 60 86
59 61 99
59 62 76
59 63 46
59 64 27
59 65 35
59 66 71
59 67 44
59 68 47
59 69 60
59 70 8
59 71 91
59 72 54
59 73 16
59 74 27
59 75 86
59 76 34
59 77 87
59 78 17
59 79 93
59 80 53
59 81 62
59 82 10
59 83 20
59 84 56
59 85 76
59 86 68
59 87 23
59 88 61
59 89 40
59 90 27
59 91 75
59 92 84
59 93 14
59 94 33
59 95 63
59 96 52
59 97 33
59 98 28
59 99 4
60 61 60
60 62 13
60 63 91
60 64 62
60 65 23
60 66 82
60 67 1
60 68 39
60 69 56
60 70 6
60 71 31
60 72 86
60 73 89
60 74 42
60 75 40
60 76 3
60 77 76
60 78 75
60 79 14
60 80 94
60 81 77
60 82 41
60 83 8
60 84 38
60 85 37
60 86 16
60 87 37
60 88 2
60 89 35
60 90 66
60 91 91
60 92 90
60 93 55
60 94 100
60 95 15
60 96 90
60 97 92
60 98 25
60 99 89
61 62 25
61 63 93
61 64 16
61 65 11
61 66 59
61 67 53
61 68 24
61 69 90
61 70 58
61 71 92
61 72 63
61 73 69
61 74 35
61 75 95
61 76 76
61 77 63
61 78 47
61 79 32
61 80 39
61 81 40
61 82 80
61 83 83
61 84 18
61 85 73
61 86 30
61 87 95
61 88 96
61 89 62
61 90 24
61 91 34
61 92 91
61 93 75
61 94 68
61 95 22
61 96 79
61 97 37
61 98 1
61 99 49
62 63 36
62 64 45
62 65 40
62 66 16
62 67 91
62 68 40
62 69 68
62 70 24
62 71 66
62 72 75
62 73 94
62 74 48
62 75 48
62 76 33
62 77 79
62 78 1
62 79 70
62 80 91
62 81 11
62 82 63
62 83 95
62 84 34
62 85 29
62 86 97
62 87 11
62 88 87
62 89 27
62 90 13
62 91 26
62 92 25
62 93 32
62 94 85
62 95 80
62 96 40
62 97 56
62 98 37
62 99 23
63 64 50
63 65 53
63 66 21
63 67 52
63 68 60
63 69 35
63 70 46
63 71 32
63 72 64
63 73 77
63 74 51
63 75 82
63 76 63
63 77 77
63 78 61
63 79 43
63 80 55
63 81 58
63 82 46
63 83 75
63 84 58
63 85 86
63 86 96
63 87 67
63 88 16
63 89 1
63 90 85
63 91 16
63 92 73
63 93 24
63 94 97
63 95 38
63 96 46
63 97 93
63 98 18
63 99 35
64 65 74
64 66 20
64 67 50
64 68 38
64 69 45
64 70 100
64 71 53
64 72 6
64 73 27
64 74 56
64 75 8
64 76 53
64 77 38
64 78 67
64 79 57
64 80 16
64 81 67
64 82 89
64 83 88
64 84 32
64 85 98
64 86 79
64 87 62
64 88 68
64 89 93
64 90 53
64 91 25
64 92 73
64 93 23
64 94 61
64 95 14
64 96 76
64 97 31
64 98 33
64 99 6
65 66 24
65 67 10
65 68 10
65 69 56
65 70 75
65 71 83
65 72 96
65 73 38
65 74 1
65 75 77
65 76 52
65 77 88
65 78 10
65 79 32
65 80 39
65 81 51
65 82 52
65 83 59
65 84 29
65 85 38
65 86 71
65 87 63
65 88 92
65 89 85
65 90 24
65 91 68
65 92 32
65 93 2
65 94 68
65 95 54
65 96 74
65 97 71
65 98 31
65 99 12
66 67 77
66 68 59
66 69 16
66 70 78
66 71 52
66 72 2
66 73 75
66 74 20
66 75 62
66 76 55
66 77 70
66 78 25
66 79 47
66 80 96
66 81 74
66 82 46
66 83 61
66 84 66
66 85 82
66 86 30
66 87 90
66 88 84
66 89 14
66 90 74
66 91 9
66 92 44
66 93 92
66 94 95
66 95 72
66 96 57
66 97 48
66 98 100
66 99 53
67 68 22
67 69 27
67 70 70
67 71 33
67 72 80
67 73 51
67 74 25
67 75 55
67 76 16
67 77 99
67 78 43
67 79 41
67 80 60
67 81 80
67 82 65
67 83 5
67 84 39
67 85 10
67 86 37
67 87 39
67 88 91
67 89 39
67 90 7
67 91 80
67 92 67
67 93 17
67 94 58
67 95 80
67 96 18
67 97 58
67 98 18
67 99 48
68 69 70
68 70 1
68 71 100
68 72 50
68 73 68
68 74 72
68 75 16
68 76 73
68 77 34
68 78 8
68 79 55
68 80 33
68 81 86
68 82 15
68 83 55
68 84 17
68 85 52
68 86 80
68 87 74
68 88 34
68 89 26
68 90 53
68 91 88
68 92 76
68 93 66
68 94 24
68 95 45
68 96 3
68 97 3
68 98 66
68 99 49
69 70 37
69 71 19
69 72 81
69 73 71
69 74 42
69 75 34
69 76 19
69 77 46
69 78 96
69 79 9
69 80 80
69 81 21
69 82 62
69 83 37
69 84 100
69 85 10
69 86 8
69 87 81
69 88 25
69 89 62
69 90 28
69 91 56
69 92 11
69 93 22
69 94 30
69 95 82
69 96 66
69 97 41
69 98 93
69 99 38
70 71 30
70 72 60
70 73 39
70 74 85
70 75 27
70 76 18
70 77 71
70 78 17
70 79 98
70 80 85
70 81 63
70 82 19
70 83 11
70 84 65
70 85 99
70 86 3
70 87 98
70 88 60
70 89 25
70 90 82
70 91 10
70 92 69
70 93 77
70 94 73
70 95 57
70 96 95
70 97 6
70 98 77
70 99 37
71 72 89
71 73 53
71 74 5
71 75 44
71 76 86
71 77 57
71 78 26
71 79 8
71 80 76
71 81 36
71 82 23
71 83 43
71 84 52
71 85 72
71 86 99
71 87 16
71 88 77
71 89 8
71 90 24
71 91 55
71 92 90
71 93 29
71 94 67
71 95 58
71 96 78
71 97 92
71 98 57
71 99 65
72 73 40
72 74 15
72 75 2
72 76 9
72 77 66
72 78 88
72 79 61
72 80 32
72 81 63
72 82 15
72 83 67
72 84 24
72 85 96
72 86 78
72 87 58
72 88 61
72 89 62
72 90 26
72 91 4
72 92 37
72 93 80
72 94 43
72 95 47
72 96 8
72 97 93
72 98 82
72 99 23
73 74 95
73 75 23
73 76 13
73 77 74
73 78 62
73 79 8
73 80 90
73 81 50
73 82 5
73 83 19
73 84 2
73 85 60
73 86 33
73 87 51
73 88 43
73 89 89
73 90 10
73 91 89
73 92 39
73 93 27
73 94 6
73 95 35
73 96 18
73 97 34
73 98 38
73 99 10
74 75 78
74 76 89
74 77 50
74 78 3
74 79 67
74 80 89
74 81 47
74 82 1
74 83 37
74 84 10
74 85 35
74 86 58
74 87 16
74 88 25
74 89 79
74 90 5
74 91 87
74 92 32
74 93 71
74 94 81
74 95 15
74 96 79
74 97 61
74 98 75
74 99 19
75 76 75
75 77 17
75 78 37
75 79 27
75 80 22
75 81 53
75 82 34
75 83 81
75 84 85
75 85 51
75 86 27
75 87 15
75 88 37
75 89 42
75 90 34
75 91 40
75 92 94
75 93 58
75 94 36
75 95 26
75 96 90
75 97 60
75 98 25
75 99 28
76 77 91
76 78 52
76 79 32
76 80 5
76 81 98
76 82 93
76 83 81
76 84 100
76 85 48
76 86 9
76 87 61
76 88 31
76 89 47
76 90 69
76 91 86
76 92 100
76 93 55
76 94 87
76 95 6
76 96 44
76 97 69
76 98 77
76 99 5
77 78 6
77 79 61
77 80 5
77 81 96
77 82 59
77 83 31
77 84 54
77 85 54
77 86 14
77 87 2
77 88 29
77 89 63
77 90 26
77 91 41
77 92 19
77 93 52
77 94 14
77 95 38
77 96 94
77 97 40
77 98 39
77 99 40
78 79 71
78 80 80
78 81 52
78 82 93
78 83 73
78 84 81
78 85 51
78 86 7
78 87 61
78 88 90
78 89 5
78 90 41
78 91 35
78 92 13
78 93 35
78 94 96
78 95 10
78 96 29
78 97 6
78 98 84
78 99 97
79 80 68
79 81 88
79 82 11
79 83 28
79 84 94
79 85 33
79 86 90
79 87 81
79 88 63
79 89 80
79 90 15
79 91 100
79 92 48
79 93 28
79 94 59
79 95 71
79 96 81
79 97 63
79 98 29
79 99 58
80 81 44
80 82 45
80 83 43
80 84 78
80 85 88
80 86 18
80 87 91
80 88 91
80 89 10
80 90 1
80 91 80
80 92 28
80 93 92
80 94 70
80 95 97
80 96 39
80 97 49
80 98 96
80 99 10
81 82 31
81 83 46
81 84 73
81 85 91
81 86 62
81 87 6
81 88 69
81 89 73
81 90 90
81 91 79
81 92 38
81 93 12
81 94 61
81 95 75
81 96 58
81 97 51
81 98 44
81 99 97
82 83 9
82 84 91
82 85 90
82 86 1
82 87 98
82 88 96
82 89 3
82 90 20
82 91 22
82 92 54
82 93 84
82 94 64
82 95 39
82 96 74
82 97 43
82 98 64
82 99 17
83 84 48
83 85 26
83 86 80
83 87 16
83 88 86
83 89 93
83 90 33
83 91 64
83 92 26
83 93 38
83 94 73
83 95 67
83 96 38
83 97 61
83 98 32
83 99 67
84 85 64
84 86 56
84 87 16
84 88 64
84 89 9
84 90 57
84 91 6
84 92 40
84 93 43
84 94 8
84 95 50
84 96 94
84 97 9
84 98 1
84 99 14
85 86 81
85 87 55
85 88 39
85 89 3
85 90 83
85 91 75
85 92 76
85 93 1
85 94 47
85 95 4
85 96 4
85 97 58
85 98 82
85 99 24
86 87 8
86 88 51
86 89 1
86 90 47
86 91 64
86 92 33
86 93 88
86 94 87
86 95 20
86 96 86
86 97 99
86 98 24
86 99 52
87 88 5
87 89 59
87 90 87
87 91 64
87 92 31
87 93 39
87 94 28
87 95 3
87 96 19
87 97 52
87 98 32
87 99 59
88 89 22
88 90 73
88 91 19
88 92 98
88 93 52
88 94 5
88 95 47
88 96 28
88 97 8
88 98 67
88 99 14
89 90 92
89 91 15
89 92 81
89 93 35
89 94 59
89 95 14
89 96 93
89 97 49
89 98 13
89 99 31
90 91 87
90 92 9
90 93 39
90 94 45
90 95 30
90 96 45
90 97 49
90 98 78
90 99 84
91 92 32
91 93 8
91 94 86
91 95 97
91 96 79
91 97 72
91 98 61
91 99 18
92 93 16
92 94 80
92 95 48
92 96 70
92 97 64
92 98 54
92 99 64
93 94 50
93 95 93
93 96 81
93 97 46
93 98 94
93 99 27
94 95 29
94 96 89
94 97 16
94 98 28
94 99 92
95 96 3
95 97 77
95 98 42
95 99 55
96 97 37
96 98 45
96 99 47
97 98 55
97 99 97
98 99 9
